0.0 0.0 1.0 0.5 1.8 -0.7 0.0 0.0
 0.05 0.0 1.0 0.5 1.8 -0.7 0.0 0.0
 0.1 -0.0018299999999999992 1.0002525 0.499075 1.7907600000000001 -0.7022225 0.00033499999999996537 -3.3306690738754703e-18
 0.15 -0.005306999999999996 1.00073225 0.49731749999999997 1.7732040000000002 -0.70644525 0.0009714999999999032 -2.220446049250314e-18
 0.2 -0.010261724999999992 1.00141589375 0.49481306249999996 1.7481867000000002 -0.71246266875 0.0018785124999998364 5.551115123125783e-18
 0.25 -0.016537709999999994 1.0022818425 0.4916407749999999 1.7164981200000002 -0.7200847324999999 0.0030273949999998044 1.332267629550188e-17
 0.3 -0.0239904421875 1.003310156640625 0.4878736835937499 1.6788679312500003 -0.729135933203125 0.004391692968749772 2.4424906541753447e-17
 0.35 -0.03248655688125 1.0044824347609376 0.4835791993906249 1.6359695160750003 -0.7394543020046874 0.005946992653124759 2.997602166487923e-17
 0.4 -0.04190308400015626 1.0057817096776172 0.478819479398828 1.5884237725893753 -0.7508904940930858 0.007670783136640394 3.3861802251067274e-17
 0.45 -0.05212674201496876 1.0071923510157266 0.4736517834077343 1.5368026796621252 -0.7633069312176327 0.009542327090171675 3.8857805861880476e-17
 0.5 -0.06305327651829962 1.0086999739458309 0.46812880831725284 1.4816326365961268 -0.7765769983944922 0.011542539690508235 3.8857805861880476e-17
 0.55 -0.07458684071625997 1.0102913537053855 0.4622990012773002 1.423397591137573 -0.7905842915256217 0.013653875213085743 3.8857805861880476e-17
 0.6 -0.08663941530312855 1.01195434555412 0.45620685292054974 1.3625419686333842 -0.805221912847652 0.015860220834179234 3.4416913763379846e-17
 0.65 -0.09913026532951962 1.0136778098337176 0.44989317189628103 1.2994734144017703 -0.8203918113086651 0.018146797205130644 3.719247132494274e-17
 0.7 -0.11198543181501375 1.0154515418214702 0.4433953418421378 1.2345653606717344 -0.8360041651414578 0.02050006538690146 4.1910919179599653e-17
 0.75 -0.12513725598863468 1.0172662060858633 0.4367475618636682 1.1681594287786976 -0.8519768040626996 0.022907639757482362 4.274358644806852e-17
 0.8 -0.13852393416535597 1.0191132750692633 0.42998107152844023 1.1005676766732853 -0.8682346686789636 0.02535820652753791 4.7184478546569146e-17
 0.85 -0.15208910138443354 1.0209849716391086 0.42312436132207587 1.0320747012064673 -0.8847093048234445 0.027841447521194156 5.065392549852276e-17
 0.9 -0.16578144204618997 1.0228742153642962 0.41620336945752684 0.962939604094648 -0.9013383906817798 0.030347968899165894 5.592748486549225e-17
 0.95 -0.1795543258883097 1.0247745722878674 0.40924166587612754 0.8933978299409944 -0.918065294692223 0.03286923452053743 5.911937606128957e-17
 1.0 -0.19336546774110194 1.0266802079806707 0.4022606242292243 0.8236628841924696 -0.9348386623249174 0.03539750365752393 5.99173488602389e-17
 1.05 -0.2071766095938942 1.028585843673474 0.3952795825823211 0.7539279384439448 -0.9516120299576118 0.037925772794510426 5.999240008195384e-17
 1.1 -0.2209532235920545 1.0304867152770454 0.38831599353953516 0.6843673300597912 -0.9683434641712245 0.04044772125865447 5.4724502997660207e-17
 1.15 -0.234664234666414 1.032378535111076 0.381385564444572 0.6151379626679432 -0.9849952248885819 0.042957660444397854 5.459138740225793e-17
 1.2 -0.24828176157435744 1.0342574561735107 0.37450238827525634 0.5463806136901305 -1.0015334508737754 0.04545048640842027 5.855221921016091e-17
 1.25 -0.2617808752048405 1.0361200387919245 0.3676790658117608 0.4782211547034292 -1.0179278661982283 0.04792163562492943 6.584372009193937e-17
 1.3 -0.27513937306833935 1.037963219508063 0.36092681962392664 0.41077169008117265 -1.0341515063630513 0.050367043703766635 7.285766521756153e-17
 1.35 -0.2883375689574762 1.0397842820556078 0.35425560039034654 0.3441316190343832 -1.0501804628458964 0.05278310688565781 7.667971914738637e-17
 1.4 -0.3013580968250285 1.0415808302996281 0.3476741860310646 0.2783886258670698 -1.0659936449145495 0.05516664614010043 7.939155005258606e-17
 1.45 -0.3141857279834319 1.0433507630141072 0.341190274106735 0.21361960296890176 -1.0815725576192226 0.05751487370188467 7.932782339622285e-17
 1.5 -0.32680720078393244 1.0450922503813893 0.3348105679097607 0.14989151079588287 -1.096901094941142 0.05982536189214022 8.092943127679738e-17
 1.55 -0.3392110619844243 1.046803712104408 0.328540856647217 0.08726217883274359 -1.1119653471368214 0.06209601407911555 8.419637369430964e-17
 1.6 -0.35138751906290716 1.0484837970291714 0.32238609009115327 0.02578105128892854 -1.1267534213755799 0.06432503764266301 8.49653143064153e-17
 1.65 -0.3633283027785807 1.0501313641811973 0.31635044804907786 -0.03451011894758686 -1.1412552748226206 0.06651091881465795 8.517914340620837e-17
 1.7 -0.3750265393250296 1.0517454651254479 0.3104374049859821 -0.09357662478867304 -1.1554625593715182 0.06865239927534672 8.428274948137629e-17
 1.75 -0.38647663145988714 1.0533253275648202 0.3046497901090732 -0.15139020474828163 -1.1693684772784696 0.07074845439292998 8.61619131181071e-17
 1.8 -0.3976741480329464 1.0548703400974417 0.2989898432073903 -0.20792848514995768 -1.182967646996297 0.07279827300056654 8.665329797405647e-17
 1.85 -0.40861572137005 1.0563800380578892 0.293459266520603 -0.26317446199959543 -1.1962559785491456 0.0748012386114571 8.603445980538068e-17
 1.9 -0.4192989520033608 1.0578540903720481 0.28805927289447597 -0.3171160199513945 -1.2092305578292184 0.0767569119787572 8.541562163670489e-17
 1.95 -0.42972232026991547 1.0592922873596466 0.28279063046466013 -0.36974548595301465 -1.2218895392349112 0.07866501491279868 8.257633741877879e-17
 2.0 -0.43988510432980626 1.0606945294225552 0.27765370409558965 -0.42105921530459434 -1.2342320461054617 0.08052541527348912 8.362283378704074e-17
 2.05 -0.4497873041830332 1.0620608165607737 0.2726484937872646 -0.4710572080061335 -1.2462580784408697 0.0823381130608285 8.18937725937398e-17
 2.1 -0.4594295712901129 1.063391238661614 0.26777467024953305 -0.5197427533992572 -1.2579684274274734 0.0841032275312502 7.489115203346936e-17
 2.15 -0.4688131434260271 1.0646859665109683 0.26303160783110646 -0.5671221012330533 -1.2693645963193145 0.08582098527197768 7.399475810863728e-17
 2.2 -0.4779397844201245 1.065945243478733 0.2584184149788987 -0.6132041573999716 -1.2804487272534029 0.08749170916980425 7.337591993996149e-17
 2.25 -0.48681172845624715 1.067169377833444 0.253933962392334 -0.6580002026971155 -1.291223533603284 0.08911580821466819 6.665085513584734e-17
 2.3 -0.49543162862770723 1.068358735643987 0.24957690902697852 -0.701523633071045 -1.3016922375000435 0.09069376808212122 6.658712847948413e-17
 2.35 -0.5038025094608807 1.069513734228892 0.2453457260921777 -0.7437897199008389 -1.3118585121731188 0.09222614244229228 6.652340182312092e-17
 2.4 -0.5119277231391675 1.0706348361161966 0.24123871917828954 -0.7848153889649757 -1.3217264287851365 0.09371354494624089 6.340656184903853e-17
 2.45 -0.5198109091759734 1.0717225434791986 0.23725404864055977 -0.8246190168229467 -1.3313004074555197 0.09515664184368888 6.167750065573759e-17
 2.5 -0.5274559573012508 1.07277739301561 0.23338974835865722 -0.8632202434227082 -1.3405851721869018 0.09655614518902651 6.522199882940614e-17
 2.55 -0.5348669733410606 1.073799951239682 0.22964374298334353 -0.9006397998204362 -1.3495857094265067 0.09791280659522117 6.266027036763633e-17
 2.6 -0.5420482478836363 1.074790810158808 0.22601386377466456 -0.9368993499698346 -1.3583072300116839 0.09922741149782381 5.871076312508507e-17
 2.65 -0.5490042275386017 1.075750583307922 0.22249786312939512 -0.9720213456047421 -1.366755134264777 0.10050077389367813 5.143058680865834e-17
 2.7 -0.5557394886083614 1.0766799021167277 0.21909342788921596 -1.0060288933012342 -1.3749349800175317 0.10173373152120242 4.4705522004544195e-17
 2.75 -0.5622587130022987 1.077579412586383 0.21579819151523122 -1.0389456328640654 -1.382852453359349 0.10292714145124016 4.186623778661809e-17
 2.8 -0.5685666662353214 1.078449772253781 0.21260974520892192 -1.0707956262373601 -1.3905133419169406 0.10408187605947111 3.5141172982503945e-17
 2.85 -0.5746681773625361 1.079291647422973 0.20952564805445548 -1.1016032561911653 -1.3979235104853749 0.10519881935325096 3.0220220593405675e-17
 2.9 -0.5805681207114409 1.0801057106446115 0.20654343625241336 -1.1313931340839967 -1.4050888788421734 0.10627886362750415 2.1274709740041213e-17
 2.95 -0.586271399282049 1.0808926384255286 0.2036606315104393 -1.1601900160470668 -1.4120154015870785 0.10732290642594887 1.2467976764754893e-17
 3.0 -0.5917829296938176 1.0816531091517425 0.20087474865203162 -1.18801872697862 -1.4187090498603876 0.1083318477854804 2.551020764843418e-18
 3.05 -0.5971076285662043 1.0823878012092714 0.1981833025006886 -1.2149040917769003 -1.4251757948023982 0.10930658774299386 -5.284267063895889e-18
 3.1 -0.6022504002271177 1.0830973912881678 0.19558381409284983 -1.240870873277906 -1.4314215926255567 0.11024802408529231 -1.534000094188551e-17
 3.15 -0.6072161256505243 1.0837825528561515 0.1930738162695432 -1.2659437163993688 -1.4374523711793934 0.11115705032400347 -2.5812068454109563e-17
 3.2 -0.6120096525310225 1.0844439547891165 0.1906508586933351 -1.2901470980254905 -1.4432740178962826 0.11203455387863023 -3.5729024454021035e-17
 3.25 -0.6166357864093445 1.0850822601466446 0.18831251233407395 -1.3135052821980018 -1.4488923690135342 0.1128814144519843 -4.481331318546364e-17
 3.3 -0.6210992827685067 1.085698125081447 0.1860563734640056 -1.3360422802081982 -1.4543131999743202 0.11369850258330633 -4.890159830609304e-17
 3.35 -0.6254048400257294 1.0862921978724027 0.1838800672001089 -1.35778181521188 -1.4595422169164936 0.11448667836536616 -5.382255069519131e-17
 3.4 -0.6295570933503085 1.0868651180715592 0.18178125062894185 -1.378747291014673 -1.4645850491645138 0.11524679031276179 -5.999250398699288e-17
 3.45 -0.6335606092423655 1.087417515756119 0.17975761554689124 -1.398961764699157 -1.4694472426454408 0.11597967436950446 -6.588490152263816e-17
 3.5 -0.6374198808118409 1.087950010877044 0.17780689084647333 -1.418447922787656 -1.474134254155364 0.11668615304479095 -6.705885120362652e-17
 3.55 -0.6411393237012628 1.088463212696486 0.17592684457722998 -1.4372280606555572 -1.478651446407681 0.117367034666625 -7.031446905578705e-17
 3.6 -0.644723272599713 1.0889577193067912 0.1741152857077948 -1.455324064929699 -1.483004083799378 0.11802311274366364 -7.481908781065089e-17
 3.65 -0.6481759782990649 1.0894341172243247 0.17237006561386006 -1.472757398624788 -1.4871973288358862 0.1186551654263319 -7.8629817175124e-17
 3.7 -0.6515016052469824 1.0898929810518379 0.1706890793150493 -1.4895490887880436 -1.491236239159245 0.11926395505887417 -8.452221471076928e-17
 3.75 -0.6547042295543606 1.090334873203539 0.16907026648208498 -1.5057197164384117 -1.4951257651281784 0.11985022781459641 -8.958194497794569e-17
 3.8 -0.6577878374178835 1.0907603436874402 0.16751161223412947 -1.521289408601773 -1.4988707479023202 0.12041471340709922 -9.547434251359097e-17
 3.85 -0.6607563239211681 1.0911699299399427 0.1660111477447643 -1.536277832257702 -1.5024759179862275 0.12095812487081528 -1.0219940731770511e-16
 3.9 -0.6636134921805796 1.0915641567079761 0.16456695067375035 -1.5507041900265337 -1.505945894191988 0.12148115840464198 -1.1072858453683515e-16
 3.95 -0.6663630528042471 1.0919435359743566 0.16317714544047587 -1.564587217437838 -1.5092851829822072 0.12198449327290899 -1.1807814979230094e-16
 4.0 -0.6690086236350964 1.092308566922329 0.16183990335384446 -1.5779451816329455 -1.5124981781579243 0.12246879175833766 -1.2286032430332107e-16
 4.05 -0.67155372975085 1.092659735935568 0.160553442612275 -1.5907958813649477 -1.5155891608586143 0.1229346991620412 -1.2674044260683325e-16
 4.1 -0.6740018036959406 1.0929975166301775 0.15931602818647786 -1.6031566481696673 -1.5185622998438404 0.12338284384597854 -1.2874705955629047e-16
 4.15 -0.6763561859221451 1.093322369915487 0.15812597159672975 -1.6150443485905026 -1.5214216520283974 0.12381383731361706 -1.2894956409073184e-16
 4.2 -0.6786201254164892 1.0936347440806902 0.15698163059549025 -1.6264753873488302 -1.524171163244889 0.12422827432487674 -1.311643478573063e-16
 4.25 -0.6807967804965935 1.0939350749045844 0.15588140876538287 -1.6374657113598488 -1.5268146692096607 0.12462673304172643 -1.3365668738003703e-16
 4.3 -0.6828892197551462 1.0942237857858874 0.1548237550417975 -1.6480308145013933 -1.5293558966698428 0.12500977520107895 -1.362878047808459e-16
 4.35 -0.684900423136602 1.0945012878917986 0.1538071631686572 -1.658185743050384 -1.5317984647109826 0.12537794631189192 -1.3718419870567797e-16
 4.4 -0.6868332831305245 1.094767980322654 0.15283017109522642 -1.6679451017082219 -1.5341458862063337 0.1257317758736209 -1.396765382284087e-16
 4.45 -0.6886906060672132 1.0950242502906944 0.15189136032121708 -1.67732306014265 -1.5364015693903723 0.12607177761339727 -1.4293215608056924e-16
 4.5 -0.6904751135024068 1.095270473311124 0.1509893551968706 -1.686333359979365 -1.5385688195404912 0.126398449739512 -1.4479999515194832e-16
 4.55 -0.6921894436789129 1.095507013403784 0.15012282218415568 -1.6949893221820518 -1.5406508407521222 0.12671227520898176 -1.4722294573563998e-16
 4.6 -0.6938361530540124 1.0957342233039002 0.1492904690847201 -1.7033038547645214 -1.542650737793739 0.12701372200715577 -1.4818872859951113e-16
 4.65 -0.6954177178824046 1.0959524446804954 0.1484910442397677 -1.711289460783289 -1.5445715180293138 0.12730324343748994 -1.4901573358530414e-16
 4.7 -0.6969365358453226 1.0961620083611712 0.14772333570659874 -1.7189582465632685 -1.5464160933968467 0.12758127841977276 -1.5032846114437064e-16
 4.75 -0.6983949277172428 1.0963632345620782 0.14698617041614723 -1.7263219301132917 -1.548187282432553 0.12784825179523363 -1.519881333986325e-16
 4.8 -0.6997951390623576 1.0965564331219915 0.14627841331547436 -1.7333918496919045 -1.5498878123311968 0.12810457463709898 -1.5392536140905067e-16
 4.85 -0.7011393419536678 1.0967419037395083 0.14559896649882842 -1.7401789724873729 -1.5515203210338946 0.12835064456528975 -1.55550339193793e-16
 4.9 -0.7024296367081911 1.0969199362124684 0.1449467683305584 -1.7466939033790645 -1.5530873593354946 0.1285868460640687 -1.5564876031967575e-16
 4.95 -0.703668053632378 1.0970908106787838 0.1443207925628683 -1.7529468937503687 -1.55459139300435 0.1288135508015565 -1.531450962315933e-16
 5.0 -0.7048565547723757 1.0972547978579366 0.14372004745112085 -1.7589478503260947 -1.556034804907981 0.12903111795013533 -1.5112715471678434e-16
 5.05 -0.7059970356642927 1.097412159292477 0.14314357486914098 -1.7647063440098723 -1.557419897138738 0.1292398945068524 -1.4838062934206512e-16
 5.1 -0.7070913270800872 1.0975631475889187 0.14259044942673132 -1.7702316186994567 -1.5587488931341495 0.12944021561302238 -1.4365651920473235e-16
 5.15 -0.7081411967651413 1.097708006657485 0.14205977759138977 -1.775532600060058 -1.560023939787173 0.12963240487230826 -1.4025079890914193e-16
 5.2 -0.7091483511639899 1.0978469719502222 0.14155069681601556 -1.7806179042378505 -1.5612471095420586 0.12981677466663297 -1.3687977308307107e-16
 5.25 -0.7101144371310407 1.097980270697042 0.1410623746742003 -1.7854958464977138 -1.5624204024719879 0.12999362646934443 -1.3520877626345745e-16
 5.3 -0.7110410436234765 1.0981081221393043 0.1405940080045265 -1.790174449770996 -1.563545748335069 0.13016325115511818 -1.339541130780783e-16
 5.35 -0.7119297033738411 1.0982307377605978 0.1401448220651346 -1.7946614531007057 -1.5646250086056621 0.13032592930614115 -1.3148514345951536e-16
 5.4 -0.7127818945401105 1.0983483215144136 0.13971406969967054 -1.798964319973017 -1.5656599784783582 0.13048193151417406 -1.3016109133509712e-16
 5.45 -0.7135990423313184 1.0984610700484465 0.13930103051559006 -1.8030902465253453 -1.5666523888422705 0.13063151867813835 -1.2842070557644445e-16
 5.5 -0.7143825206070553 1.09856917292529 0.13890501007566844 -1.8070461696225084 -1.5676039082235957 0.13077494229692083 -1.286232101108858e-16
 5.55 -0.7151336534493902 1.098672812839328 0.13852533910345 -1.8108387747936419 -1.5685161446946827 0.1309124447571297 -1.2958899297475696e-16
 5.6 -0.7158537167059739 1.098772165829649 0.1381613727032642 -1.8144745040236057 -1.569390647748102 0.13104425961557545 -1.2843841319793642e-16
 5.65 -0.7165439395032758 1.0988674014888395 0.1378124895953384 -1.817959563393589 -1.5702289101344429 0.13117061187628376 -1.2666333296976422e-16
 5.7 -0.7172055057290825 1.0989586831675369 0.137478091366447 -1.821299930566515 -1.5710323696627793 0.1312917182618823 -1.250443778544299e-16
 5.75 -0.7178395554835504 1.0990461681746424 0.1371576017364564 -1.8245013621136643 -1.5718024109629458 0.13140778747923024 -1.209968098727281e-16
 5.8 -0.7184471864982488 1.0991300079731186 0.13685046584104874 -1.8275694006796825 -1.5725403672089389 0.13151902047918873 -1.1707067253434464e-16
 5.85 -0.7190294555227684 1.0992103483713105 0.1365561495308407 -1.8305093819838147 -1.5732475218029252 0.13162561071045328 -1.1220778451893372e-16
 5.9 -0.7195873796785905 1.0992873297097505 0.13627413868705085 -1.8333264416558346 -1.5739251100194904 0.13172774436739343 -1.0583568707942297e-16
 5.95 -0.7201219377800235 1.0993610870434183 0.13600393855381288 -1.836025521905693 -1.5745743206098919 0.13182560063186344 -9.944624240515246e-17
 6.0 -0.7206340716221167 1.0994317503194448 0.13574507308718106 -1.8386113780264257 -1.5751962973662046 0.131919351908968 -9.328231178275893e-17
 6.05 -0.7211246872355505 1.0994994445502602 0.1354970843208279 -1.841088584730321 -1.5757921406453612 0.13200916405678245 -8.632040836141606e-17
 6.1 -0.7215946561085856 1.0995642899821954 0.13525953174839214 -1.8434615423187608 -1.5763629088531868 0.13209519661004304 -7.86472683149227e-17
 6.15 -0.7220448163762284 1.0996264022595614 0.13503199172239788 -1.8457344826865307 -1.5769096198886163 0.1321776029978356 -7.156393425026146e-17
 6.2 -0.7224759739768354 1.0996858925842354 0.13481405686963205 -1.8479114751617267 -1.5774332525483699 0.13225653075532381 -6.734289392096196e-17
 6.25 -0.7228889037764411 1.099742867870793 0.1346053355228368 -1.8499964321826867 -1.5779347478924266 0.13233212172956868 -6.438820172912552e-17
 6.3 -0.7232843506611442 1.0997974308972343 0.134405451168547 -1.8519931148136466 -1.5784150105707067 0.13240451227950073 -6.155494018060746e-17
 6.35 -0.7236630305979358 1.0998496804513545 0.13421404191087907 -1.8539051381010536 -1.5788749101114277 0.13247383347011565 -5.873902586684916e-17
 6.4 -0.7240256316643955 1.0998997114728195 0.13403075995105657 -1.855735976272686 -1.5793152821716498 0.13254021126097038 -5.621801454400692e-17
 6.45 -0.7243728150477143 1.0999476151910097 0.13385527108243914 -1.8574889677819024 -1.5797369297505712 0.1326037666890643 -5.281229424841651e-17
 6.5 -0.7247052160135403 1.0999934792586987 0.13368725420080582 -1.8591673201995154 -1.5801406243661713 0.1326646160461964 -4.850451774531816e-17
 6.55 -0.7250234448451645 1.1000373878816414 0.13352640082962974 -1.8607741149559123 -1.580527107195835 0.13272287105089264 -4.5168186388766823e-17
 6.6 -0.7253280877535923 1.100079421944143 0.13337241466006924 -1.8623123119361709 -1.5808970901816168 0.1327786390150038 -4.232625122286888e-17
 6.65 -0.7256197077590644 1.1001196591306903 0.13322501110539073 -1.8637847539310137 -1.581251257100831 0.13283202300507665 -4.044708758613806e-17
 6.7 -0.7258988455446054 1.1001581740437225 0.1330839168695299 -1.8651941709465318 -1.5815902646026696 0.13288312199860472 -3.7015346438408e-17
 6.75 -0.7261660202821946 1.1001950383176249 0.13294886952949167 -1.8665431843756706 -1.5819147432115723 0.13293203103526724 -3.4771890871722054e-17
 6.8 -0.7264217304321633 1.1002303207290276 0.13281961713128346 -1.8678343110345292 -1.582225298298078 0.13297884136326696 -3.248506721813669e-17
 6.85 -0.7266664545164296 1.1002640873034961 0.1326959177990723 -1.8690699670665627 -1.5825225110179042 0.13302364058087857 -3.2037050449086736e-17
 6.9 -0.726900651866189 1.1002964014186951 0.13257753935725408 -1.8702524717178066 -1.5828069392200026 0.13306651277332085 -3.1094637489383393e-17
 6.95 -0.7271247633446813 1.1003273239041156 0.13246425896511999 -1.8713840509862596 -1.5830791183243464 0.13310753864506666 -3.0525190077015064e-17
 7.0 -0.727339212045659 1.100356913137447 0.13235586276380618 -1.8724668411485728 -1.583339562170206 0.1331467956477046 -2.998176351678639e-17
 7.05 -0.7275444039681771 1.1003852251376853 0.13225214553521095 -1.873502892167189 -1.5835887638356687 0.13318435810346604 -2.9750587182233536e-17
 7.1 -0.7277407286683293 1.100412313655056 0.1321529103725657 -1.8744941709810723 -1.5838271964291595 0.1332202973245321 -2.895562571798822e-17
 7.15 -0.7279285598885458 1.1004382302578455 0.13205796836234696 -1.8754425646831492 -1.5840553138537121 0.13325468172823296 -2.9661200060462845e-17
 7.2 -0.7281082561650698 1.1004630244162183 0.13196713827721868 -1.8763498835875658 -1.5842735515447366 0.13328757694825233 -2.88835858309773e-17
 7.25 -0.7282801614142201 1.1004867435831094 0.13188024627969738 -1.877217864189833 -1.5844823271820243 0.1333190459419492 -2.6969727724726942e-17
 7.3 -0.7284446054980427 1.1005094332722707 0.13179712563623516 -1.8780481720229043 -1.5846820413767213 0.13334914909390574 -2.544618240057137e-17
 7.35 -0.7286019047699475 1.1005311371335582 0.13171761644141994 -1.878842404412194 -1.5848730783339937 0.13337794431581174 -2.5210669257328577e-17
 7.4 -0.7287523626009167 1.1005518970255361 0.13164156535199562 -1.8796020931324975 -1.585055806492097 0.13340548714279238 -2.5968285304082506e-17
 7.45 -0.7288962698868641 1.1005717530854824 0.13156882533041017 -1.88032870696974 -1.585230579138555 0.13343183082628546 -2.81570482185173e-17
 7.5 -0.7290339055377144 1.1005907437968703 0.13149925539760327 -1.8810236541904273 -1.585397735004137 0.13345702642357224 -3.16772114007643e-17
 7.55 -0.7291655369487625 1.1006089060544055 0.131432720394751 -1.8816882849216214 -1.5855575988353143 0.1334811228840646 -3.6294587181566626e-17
 7.6 -0.7292914204548615 1.100626275226695 0.13136909075368997 -1.8823238934442201 -1.5857104819458636 0.1335041671324488 -4.194846023926509e-17
 7.65 -0.7294118017679787 1.1006428852166197 0.13130824227574817 -1.8829317204022549 -1.5858566827482696 0.1335262041487844 -4.593266195133588e-17
 7.7 -0.7295269163986471 1.100658768519485 0.1312500559187163 -1.8835129549308756 -1.5859964872655705 0.13354727704565533 -5.1313316061567997e-17
 7.75 -0.7296369900618287 1.1006739562790224 0.13119441759169825 -1.8840687367056286 -1.5861301696242707 0.13356742714246722 -5.571818821656316e-17
 7.8 -0.7297422390676955 1.1006884783413073 0.13114121795758524 -1.884600157915579 -1.5862579925289368 0.13358669403698376 -5.950289672889661e-17
 7.85 -0.7298428706978211 1.1007023633066662 0.13109035224290427 -1.8851082651627704 -1.5863802077190756 0.13360511567419248 -6.407690442279952e-17
 7.9 -0.7299390835672648 1.100715638579636 0.13104172005479744 -1.8855940612904536 -1.5864970564088783 0.1336227284125879 -6.628735138068403e-17
 7.95 -0.7300310679730196 1.100728330417042 0.130995225204894 -1.8860585071424616 -1.586608769710403 0.13363956708795832 -6.843708301690935e-17
 8.0 -0.7301190062292808 1.1007404639742584 0.13095077553984394 -1.8865025232560426 -1.586715569040753 0.13365566507476023 -6.935082417650118e-17
 8.05 -0.7302030729899833 1.1007520633497105 0.13090828277828662 -1.8869269914904094 -1.586817666513792 0.13367105434516208 -7.252404266355281e-17
 8.1 -0.7302834355590424 1.100763151627682 0.13086766235403544 -1.8873327565931994 -1.5869152653169254 0.13368576552583683 -7.41750413004348e-17
 8.15 -0.7303602541887206 1.1007737509194817 0.13082883326526365 -1.8877206277069845 -1.5870085600734607 0.1336998279525812 -7.617948984554706e-17
 8.2 -0.7304336823665334 1.1007838824030325 0.13079171792948396 -1.888091379817908 -1.5870977371910502 0.13371326972283654 -7.669424460566423e-17
 8.25 -0.730503867091093 1.1007935663609294 0.13075624204411906 -1.8884457551484717 -1.587182975196697 0.13372611774618487 -7.865532506387707e-17
 8.3 -0.7305709491372804 1.100802822217029 0.13072233445246695 -1.8887844644964342 -1.5872644450588016 0.1337383977928913 -8.091781372604088e-17
 8.35 -0.7306350633111213 1.1008116685716163 0.13068992701486976 -1.8891081885217293 -1.587342310496704 0.13375013454056156 -8.292876748418805e-17
 8.4 -0.7306963386947348 1.1008201232352024 0.1306589544849011 -1.889417578983254 -1.587416728278169 0.1337613516189826 -8.458627133410494e-17
 8.45 -0.7307548988817093 1.1008282032610008 0.13062935439039217 -1.8897132599273216 -1.587487848505246 0.13377207165321012 -8.534605578520384e-17
 8.5 -0.7308108622032494 1.1008359249761315 0.13060106691912185 -1.8899958288295244 -1.5875558148889197 0.13378231630496742 -8.672600387896445e-17
 8.55 -0.7308643419454313 1.1008433040115964 0.1305740348090026 -1.8902658576916886 -1.587620765012963 0.13379210631241598 -8.730364236508578e-17
 8.6 -0.7309154465578869 1.1008503553310744 0.13054820324259747 -1.8905238940955627 -1.5876828305873796 0.13380146152835723 -8.67016688875429e-17
 8.65 -0.7309642798542333 1.1008570932585757 0.13052351974581036 -1.89077046221482 -1.5877421376918222 0.13381040095692331 -8.641628244436577e-17
 