0.0 0.32476004554284355 -0.31723561072035833 0.03925174533152612
0.05 0.32476004554284355 -0.31723561072035833 0.03925174533152612
0.1 0.3256852550516965 -0.32010711404136016 0.03693091840873218
0.15 0.3273483418273992 -0.3255572420347356 0.03246838480747427
0.2 0.32950133050327274 -0.3333083415675052 0.02599354924574285
0.25 0.3318573151744807 -0.343094825017344 0.017607113200186913
0.3 0.3341074471382143 -0.35465994051637256 0.007398990084129815
0.35 0.3359348055757325 -0.3677530964418359 -0.004537317103625718
0.4 0.33702616051849493 -0.382128044712401 -0.018093958243683414
0.45 0.3370821890869071 -0.39754201543247436 -0.03314146867808241
0.5 0.33582639296544814 -0.41375575944807946 -0.04952472893894817
0.55 0.33301276550761055 -0.43053437309288906 -0.06706179998616107
0.6 0.3284321476914357 -0.44764873506698893 -0.08554522117189806
0.65 0.32191717159684885 -0.46487736785828815 -0.10474531802295853
0.7 0.3133456985810641 -0.482008537358536 -0.1244150461936974
0.75 0.3026426998492631 -0.49884241840488097 -0.14429589652818808
0.8 0.2897805852675063 -0.5151931763772248 -0.16412440374988688
0.85 0.27477805035795605 -0.5308908421899176 -0.18363883645669543
0.9 0.2576975724595211 -0.5457828872797764 -0.20258569617746708
0.95 0.23864173863857957 -0.5597354343694402 -0.2207257145565554
1.0 0.21774862611791088 -0.5726340672574611 -0.2378391059791578
1.05 0.19518647891182683 -0.5843842274970571 -0.25372990369003556
1.1 0.17114793193601394 -0.59491120682402 -0.26822927652923373
1.15 0.1458440273875675 -0.6041597611846596 -0.2811977872578057
1.2 0.11949824989160485 -0.612093385097931 -0.2925266093433279
1.25 0.0923407795569553 -0.6186932940017967 -0.30213776520404384
1.3 0.06460312864020448 -0.623957167502116 -0.30998348436303197
1.35 0.03651329086135887 -0.6278977085063546 -0.3160448046480535
1.4 0.008291495124195108 -0.6305410726004085 -0.3203295540714648
1.45 -0.019853380383879904 -0.6319252192599772 -0.32286985642531424
1.5 -0.04772671035777494 -0.6320982321163845 -0.32371930134723986
1.55 -0.0751503457787956 -0.6311166500246338 -0.32294991123802036
1.6 -0.10196418690773196 -0.6290438445596787 -0.3206490245546081
1.65 -0.1280271524113685 -0.6259484731815163 -0.31691619919422404
1.7 -0.15321760428043688 -0.6219030309769664 -0.31186022229634336
1.75 -0.1774332965937657 -0.6169825178519557 -0.3055962949818688
1.8 -0.20059092040316454 -0.6112632324926629 -0.29824344325271035
1.85 -0.22262531769967644 -0.6048216994569737 -0.2899221901876752
1.9 -0.24348843525876235 -0.5977337314676053 -0.2807525101706905
1.95 -0.2631480848263502 -0.5900736253802754 -0.27085207345982154
2.0 -0.2815865702318942 -0.5819134873856094 -0.2603347790721421
2.05 -0.298799235162668 -0.5733226807375713 -0.24930956571221854
2.1 -0.3147929779872959 -0.5643673876314662 -0.23787948420495592
2.15 -0.3295847725703369 -0.5551102757168026 -0.22614101043334803
2.2 -0.3432002267815982 -0.5456102590543684 -0.21418357491260623
2.25 -0.3556722036013189 -0.53592234304087 -0.20208928361830847
2.3 -0.3670395235112514 -0.526097542858365 -0.18993280428784487
2.35 -0.3773457613365422 -0.5161828652934657 -0.17778139290108536
2.4 -0.3866381459082879 -0.5062213442528017 -0.16569503620486334
2.45 -0.39496656685615666 -0.49625212092309073 -0.1537266877870059
2.5 -0.402382689488979 -0.4863105602401711 -0.14192257716551437
2.55 -0.40893917603205665 -0.4764283961025217 -0.13032257350012327
2.6 -0.41468900940258746 -0.46663389855902115 -0.11896058774575796
2.65 -0.41968491415084436 -0.4569520569923581 -0.10786499926326341
2.7 -0.4239788681034437 -0.44740477408866897 -0.0970590950166641
2.75 -0.4276216975457375 -0.4380110661159292 -0.08656151147130627
2.8 -0.4306627484060106 -0.4287872657178895 -0.0763866711325061
2.85 -0.4331496257927272 -0.4197472240602792 -0.06654520731171573
2.9 -0.4351279943317661 -0.4109025097378045 -0.05704437216903446
2.95 -0.43664143200422983 -0.4022626023629472 -0.04788842435737488
3.0 -0.43773133055466634 -0.3938350792112448 -0.03907899369097194
3.05 -0.438436835988573 -0.38562579369467825 -0.030615421189520445
3.1 -0.43879482317722723 -0.3776390447779806 -0.022495073622230542
3.15 -0.43883989911314264 -0.3698777367458988 -0.014713632308108534
3.2 -0.43860442989173926 -0.3623435289767696 -0.007265356435250543
3.25 -0.43811858701942547 -0.3550369755835946 -0.00014332155818657516
3.3 -0.43741040915425966 -0.3479576549524763 0.006660365766812578
3.35 -0.4365058758648279 -0.34110428934408976 0.01315437602907201
3.4 -0.4354289904406986 -0.33447485483092226 0.01934798616313866
3.45 -0.43420186920061543 -0.3280666819251441 0.025250928876210457
3.5 -0.43284483512097205 -0.3218765473127544 0.030873260431168704
3.55 -0.43137651394685456 -0.31590075715230215 0.03622524540257788
3.6 -0.4298139312517941 -0.3101352224239472 0.041317256941870786
3.65 -0.4281726091818114 -0.304575526829505 0.04615969112931798
3.7 -0.4264666618562999 -0.29921698774870276 0.0507628940484547
3.75 -0.4247088886050607 -0.29405471075318346 0.05513710028865201
3.8 -0.4229108643998087 -0.28908363816956073 0.05929238165941329
3.85 -0.42108302699222455 -0.28429859216754816 0.06323860498256983
3.9 -0.4192347604016361 -0.2796943128301283 0.06698539791318936
3.95 -0.4173744745060868 -0.27526549164096104 0.07054212182468587
4.0 -0.41550968058320803 -0.2710068008006472 0.073917850876715
4.05 -0.41364706272410284 -0.266912918758791 0.07712135646479407
4.1 -0.41179254510639085 -0.26297855232365297 0.08016109632731919
4.15 -0.4099513551634638 -0.25919845568602035 0.08304520765819016
4.2 -0.4081280827275433 -0.2555674466691305 0.08578150364120452
4.25 -0.4063267352557819 -0.2520804204923575 0.08837747288556774
4.3 -0.4045507892727573 -0.24873236131312684 0.09084028130020677
4.35 -0.40280323818043384 -0.24551835178932674 0.09317677599812584
4.4 -0.4010866365990558 -0.24243358088343284 0.09539349087092744
4.45 -0.3994031414103826 -0.23947335010973853 0.09749665351802547
4.5 -0.3977545496789793 -0.23663307840750922 0.09949219325521963
4.55 -0.3961423336285938 -0.23390830580556712 0.10138574996343927
4.6 -0.39456767284958927 -0.231294696027748 0.10318268357086496
4.65 -0.39303148391043013 -0.22878803817383464 0.10488808399057767
4.7 -0.3915344475417891 -0.22638424759689485 0.10650678136162126
4.75 -0.39007703355628043 -0.2240793660854216 0.10804335646420435
4.8 -0.38865952366045076 -0.22186956144719186 0.10950215119991828
4.85 -0.38728203230870334 -0.21975112658130996 0.11088727904560358
4.9 -0.38594452574151517 -0.21772047811537376 0.11220263540505926
4.95 -0.3846468393427745 -0.21577415467607686 0.11345190779639626
5.0 -0.38338869344347937 -0.2139088148537427 0.11463858582467651
5.05 -0.38216970769147973 -0.21212123491423018 0.11576597089975085
5.1 -0.3809894140995177 -0.2104083063052961 0.11683718566807272
5.15 -0.37984726887658127 -0.20876703299878055 0.11785518313489679
5.2 -0.3787426631405859 -0.2071945287048572 0.11882275545978743
5.25 -0.37767493260367296 -0.20568801398999575 0.11974254241392007
5.3 -0.3766433663149934 -0.20424481332618105 0.12061703949235002
5.35 -0.3756472145397313 -0.20286235209527456 0.12144860567837513
5.4 -0.3746856958473433 -0.20153815356914567 0.12223947086040934
5.45 -0.3737580034765348 -0.20026983588330274 0.12299174290449659
5.5 -0.37286331103936005 -0.1990551090191933 0.12370741438783331
5.55 -0.3720007776220252 -0.1978917718080651 0.12438836900044221
5.6 -0.37116955233547577 -0.19677770896727878 0.12503638762357694
5.65 -0.3703687783646469 -0.19571088817819193 0.12565315409453362
5.7 -0.36959759656134944 -0.19468935721318295 0.12624026066837163
5.75 -0.36885514862212515 -0.19371124111801916 0.1267992131876565
5.8 -0.36814057988903387 -0.1927747394545763 0.12733143597172183
5.85 -0.367453041808206 -0.19187812360788384 0.1278382764371962
5.9 -0.36679169407810186 -0.19101973416055412 0.12832100946162786
5.95 -0.36615570651674356 -0.1901979783368752 0.1287808415020243
6.0 -0.3655442606747136 -0.18941132751816098 0.1292189144800089
6.05 -0.36495655121844095 -0.1886583148303712 0.12963630944510474
6.1 -0.3643917871061887 -0.1879375328045071 0.13003405002740237
6.15 -0.3638491925772299 -0.18724763110986142 0.1304131056905654
6.2 -0.363328007972918 -0.18658731435983603 0.13077439479579037
6.25 -0.3628274904067213 -0.18595533998973218 0.13111878748696512
6.3 -0.3623469142987905 -0.18535051620566123 0.131447108406886
6.35 -0.3618855717892479 -0.1847717000035089 0.13176013925399088
6.4 -0.36144277304312267 -0.18421779525670778 0.13205862118865716
6.45 -0.3610178464586915 -0.18368775087143552 0.13234325709770445
6.5 -0.36061013878992665 -0.1831805590077341 0.13261471372532957
6.55 -0.3602190151927712 -0.18269525336496334 0.13287362367829847
6.6 -0.35984385920407264 -0.18223090752993198 0.1331205873128241
6.65 -0.359484072661189 -0.18178663338599954 0.13335617451016563
6.7 -0.35913907556953223 -0.18136157958141197 0.13358092634761315
6.75 -0.35880830592462865 -0.18095493005511518 0.13379535667115527
6.8 -0.3584912194946564 -0.1805659026182807 0.1339999535757725
6.85 -0.3581872895688417 -0.18019374758978546 0.13419518079896825
6.9 -0.3578960066765798 -0.17983774648389256 0.13438147903281722
6.95 -0.3576168782816678 -0.1794972107484051 0.13455926715950936
7.0 -0.35734942845560136 -0.17917148055158155 0.1347289434150685
7.05 -0.3570931975334909 -0.1788599236161387 0.13489088648564806
7.1 -0.35684774175579653 -0.1785619340986905 0.13504545654053438
7.15 -0.3566126328987404 -0.17827693151301713 0.1351929962057445
7.2 -0.3563874578959698 -0.17800435969558853 0.135333831481858
7.25 -0.3561718184537572 -0.17774368581181163 0.13546827260950473
7.3 -0.3559653306617857 -0.17749439940150927 0.13559661488571118
7.35 -0.35576762460133515 -0.17725601146218212 0.13571913943411268
7.4 -0.35557834395248555 -0.177028053568647 0.13583611393184672
7.45 -0.35539714560175995 -0.17681007702768806 0.135947793295766
7.5 -0.3552236992514679 -0.1766016520663999 0.1360544203304435
7.55 -0.3550576870318511 -0.17640236705294665 0.13615622634028518
7.6 -0.3548988031169983 -0.1762118277484982 0.1362534317079169
7.65 -0.3547467533453665 -0.1760296565891528 0.13634624644087645
7.7 -0.3546012548456358 -0.17585549199669023 0.13643487068851107
7.75 -0.3544620356685188 -0.17568898771704541 0.13651949523086182
7.8 -0.35432883442505697 -0.17552981218542668 0.13660030194119727
7.85 -0.3542013999318469 -0.17537764791704477 0.13667746422376154
7.9 -0.35407949086356993 -0.1752321909224542 0.13675114742819278
7.95 -0.35396287541312804 -0.17509315014654583 0.13682150924198433
8.0 -0.3538513309596276 -0.17496024693026477 0.1368887000622671
8.05 -0.35374464374440034 -0.17483321449416128 0.1369528633481144
8.1 -0.3536426085552007 -0.17471179744291573 0.1370141359544928
8.15 -0.35354502841867474 -0.17459575129001284 0.13707264844891515
8.2 -0.3534517143011613 -0.17448484200176756 0.13712852541177806
8.25 -0.3533624848178436 -0.17437884555993916 0.13718188572131554
8.3 -0.35327716595024916 -0.17427754754219682 0.1372328428240327
8.35 -0.3531955907720611 -0.174180742719728 0.13728150499143296
8.4 -0.353117599183184 -0.17408823467130924 0.1373279755638073
8.45 -0.35304303765198775 -0.17399983541318445 0.1373723531817949
8.5 -0.35297175896563027 -0.17391536504412072 0.13741473200639565
8.55 -0.35290362198835024 -0.17383465140503618 0.13745520192806016
8.6 -0.35283849142760554 -0.1737575297526179 0.13749384876545254
8.65 -0.3527762376079166 -0.1736838424463711 0.13753075445444685
