0.21998290924345648 -0.5772513523928455 -0.0607062139468195
0.22049130204017878 -0.573620208078554 -0.059783372216194265
0.2209984893749748 -0.5700064433626231 -0.058863439697456464
0.22150441550577854 -0.5664099015519546 -0.057946502526861676
0.22200902793658553 -0.5628304355730108 -0.057032637256392155
0.22251227739734822 -0.5592679066402223 -0.056121911847432704
0.22301411779051977 -0.5557221831477562 -0.05521438655005101
0.22351450611152937 -0.5521931397417953 -0.05431011468277175
0.22401340234974582 -0.548680656540573 -0.053409143325650596
0.22451076937542863 -0.5451846184757015 -0.05251151393755684
0.22500657281729922 -0.5417049147331403 -0.051617262906848364
0.22550078093404813 -0.5382414382771961 -0.050726422043455
0.22599336448322146 -0.5347940854430708 -0.04983901901913858
0.22648429658928632 -0.5313627555870043 -0.048955077761955255
0.22697355261313323 -0.5279473507846508 -0.04807461881007335
0.22746111002416 -0.5245477755699951 -0.04719765962959974
0.22794694827614795 -0.5211639367084985 -0.04632421490039166
0.22843104868739245 -0.5177957429994599 -0.045454296773140515
0.22891339432592894 -0.5144431051030847 -0.04458791510125647
0.2293939699000021 -0.5111059353886396 -0.043725077649858335
0.2298727616539104 -0.5077841478006931 -0.0428657902845291
0.23034975726943227 -0.5044776577411666 -0.042010057141932476
0.23082494577269574 -0.5011863819644742 -0.04115788078416828
0.23129831744638418 -0.49791023848451327 -0.04030926233852769
0.23176986374721195 -0.4946491464916184 -0.03946420162414859
0.23223957722840555 -0.49140302627844074 -0.03862269726705187
0.2327074514671023 -0.48817179917323933 -0.03778474680447972
0.23317348099623755 -0.484955387480149 -0.03695034677981731
0.2336376612408775 -0.4817537144250727 -0.03611949282892664
0.23409998845866786 -0.4785667041069727 -0.035292179758760256
0.23456045968419942 -0.47539428145360163 -0.034468401619006925
0.23501907267703015 -0.4722363721812961 -0.03364815176753476
0.23547582587316968 -0.4690929027583977 -0.03283142293006534
0.23593071833969292 -0.4659638003718097 -0.032018207254628464
0.23638374973259793 -0.46284899289644843 -0.031208496361612662
0.236834920257189 -0.45974840886720825 -0.030402281389326193
0.23728423063135534 -0.45666197745318765 -0.029599553035905713
0.2377316820511338 -0.4535896284339804 -0.028800301597653136
0.2381772761586284 -0.4505312921778078 -0.02800451700421948
0.23862101501204847 -0.4474868996212971 -0.027212188850998253
0.23906290105768807 -0.44445638225077083 -0.026423306428766304
0.23950293710388107 -0.44143967208486845 -0.025637858751095578
0.23994112629644715 -0.4384367016583834 -0.024855834579401256
0.24037747209599447 -0.4354474040073031 -0.02407722244624157
0.24081197825649747 -0.4324717126547538 -0.02330201067658085
0.24124464880534283 -0.42950956159798004 -0.022530187407515834
0.24167548802467612 -0.42656088529610625 -0.021761740606480312
0.2421045004338881 -0.4236256186586542 -0.020996658087981852
0.24253169077326198 -0.42070369703488536 -0.02023492752923275
0.2429570639886187 -0.4177950562036884 -0.019476536484408138
0.2433806252169405 -0.4148996323641142 -0.018721472397972616
0.24380237977287422 -0.41201736212650697 -0.017969722617007564
0.24422233313608133 -0.40914818250401946 -0.01722127440252222
0.24464049093938772 -0.4062920309048006 -0.016476114940141777
0.24505685895756651 -0.40344884512447643 -0.015734231349809287
0.2454714430969227 -0.400618563339056 -0.014995610694949358
0.2458842493853932 -0.397801124098287 -0.0142602399908673
0.2462952839632826 -0.3949964663192915 -0.013528106212571204
0.246704553074572 -0.3922045292805957 -0.012799196302131239
0.2471120630586745 -0.38942525261642646 -0.012073497175386689
0.24751782034271316 -0.3866585763112993 -0.011350995728297605
0.24792183143420665 -0.3839044406948711 -0.01063167884276881
0.24832410291424548 -0.38116278643707346 -0.009915533392133663
0.24872464143094183 -0.378433554543449 -0.009202546246174127
0.24912345369334973 -0.37571668635073324 -0.00849270427589299
0.24952054646567404 -0.3730121235226674 -0.007785994357912367
0.24991592656182918 -0.37031980804590403 -0.007082403378551464
0.25030960084026643 -0.36763968222621796 -0.0063819182376517024
0.25070157619908545 -0.36497168868484886 -0.005684525852117478
0.251091859571427 -0.36231577035495566 -0.0049902131592353405
0.2514804579211306 -0.359671870478316 -0.004298967119723836
0.2518673782385714 -0.35703993260209976 -0.0036107747206503855
0.2522526275367881 -0.3544199005757977 -0.0029256229780478676
0.2526362128477556 -0.3518117185483075 -0.002243498939416444
0.2530181412188922 -0.34921533096510654 -0.0015643896860231491
0.25339841970972427 -0.3466306825655791 -0.0008882823350335051
0.25377705538876516 -0.34405771838039234 -0.00021516404152250798
0.2541540553305517 -0.3414963837290542 0.0004549779997080998
0.2545294266127359 -0.338946624217501 0.0011221565524403097
0.2549031763135142 -0.33640838573583265 0.0017863843374003926
0.2552753115090151 -0.33388161445607945 0.0024476740308661885
0.2556458392709743 -0.3313662568300917 0.0031060382632824707
0.2560147666644113 -0.32886225958752346 0.0037614896180477985
0.25638210074546885 -0.32636956973381764 0.004414040630361948
0.25674784855941885 -0.3238881345483526 0.0050637037861904245
0.25711201713870235 -0.321417901582588 0.005710491521340245
0.257474613501135 -0.31895881865828163 0.006354416220564631
0.25783564464817166 -0.3165108338658199 0.006995490216792688
0.25819511756326785 -0.314073895562485 0.007633725790459837
0.2585530392103794 -0.31164795237092746 0.008269135168817969
0.25890941653249777 -0.30923295317756966 0.00890173052541124
0.2592642564502873 -0.3068288471310846 0.009531523979596859
0.2596175658608286 -0.3044355836409467 0.010158527596090056
0.2599693516363978 -0.3020531123759806 0.01078275338459743
0.26031962062333985 -0.2996813832629803 0.011404213299513338
0.2606683796410053 -0.2973203464853208 0.012022919239667817
0.2610156354807929 -0.2949699524816561 0.012638883048107744
0.2613613949052192 -0.2926301519445912 0.013252116511964184
0.2617056646470514 -0.29030089581942087 0.013862631362318991
0.2620484514085455 -0.28798213530285666 0.014470439274158906
0.26238976186067464 -0.2856738218417969 0.015075551866370381
0.26272960264249134 -0.2833759071321341 0.015677980701717043
0.263067980360489 -0.2810883431175243 0.01627773728695161
0.2634049015880336 -0.2788110819882309 0.016874833072896993
0.2637403728648729 -0.27654407617993715 0.017469279454566496
0.26407440069665294 -0.27428727837257677 0.018061087771359254
0.26440699155451186 -0.2720406414892133 0.018650269307252478
0.2647381518747078 -0.26980411869488896 0.01923683529101078
0.2650678880582941 -0.2675776633954603 0.019820796896488642
0.26539620647085693 -0.26536122923649375 0.02040216524288807
0.2657231134422472 -0.26315477010212585 0.02098095139509023
0.26604861526640305 -0.2609582401139552 0.02155716636398067
0.2663727182011861 -0.25877159362986024 0.022130821106820645
0.26669542846826494 -0.2565947852429405 0.022701926527624705
0.2670167522530033 -0.25442776978033116 0.02327049347757564
0.2673366957044272 -0.25227050230209264 0.02383653275543322
0.2676552649352121 -0.25012293810006675 0.02440005510798707
0.26797246602165004 -0.24798503269672428 0.02496107123050157
0.2682883050037491 -0.24585674184402523 0.02551959176721129
0.2686027878852577 -0.24373802152226015 0.02607562731176173
0.2689159206337759 -0.2416288279388819 0.026629188407748056
0.26922770918088107 -0.23952911752731906 0.027180285549216303
0.2695381594222726 -0.23743884694583328 0.027728929181151253
0.269847277217908 -0.2353579730762784 0.028275129700048824
0.2701550683922409 -0.23328645302293988 0.028818897454422114
0.2704615387344024 -0.23122424411130305 0.029360242745349284
0.27076669399843806 -0.2291713038868492 0.02989917582701834
0.271070539903547 -0.22712759011379013 0.03043570690729144
0.27137308213435735 -0.22509306077386818 0.03096984614824265
0.27167432634120525 -0.2230676740650872 0.03150160366671693
0.27197427814041186 -0.22105138840044894 0.0320309895348959
0.2722729431146193 -0.219044162406691 0.03255801378084629
0.27257032681308363 -0.21704595492299095 0.03308268638909034
0.27286643475200056 -0.21505672499967957 0.03360501730113748
0.2731612724148784 -0.21307643189694733 0.03412501641606353
0.27345484525283387 -0.21110503508352227 0.03464269359105154
0.27374715868499777 -0.20914249423535786 0.03515805864192473
0.2740382180988729 -0.20718876923430707 0.03567112134369564
0.27432802885065366 -0.2052438201667747 0.03618189143110336
0.2746165962656608 -0.2033076073223935 0.036690378599140525
0.27490392563867344 -0.20138009119265296 0.0371965925035631
0.27519002223432015 -0.19946123246954672 0.03770054276141338
0.2754748912874955 -0.19755099204422644 0.03820223895152215
0.2757585380036799 -0.19564933100561613 0.03870169061499604
0.2760409675593775 -0.19375621063904414 0.03919890725571344
0.27632218510248563 -0.19187159242487223 0.039693898340794856
0.27660219575265255 -0.18999543803710991 0.04018667330106871
0.2768810046016904 -0.1881277093420399 0.04067724153151025
0.27715861671397224 -0.18626836839682986 0.04116561239170973
0.2774350371267439 -0.1844173774481584 0.04165179520628828
0.2777102708505632 -0.1825746989308056 0.04213579926530337
0.2779843228696327 -0.18074029546630238 0.04261763382468145
0.2782571981421792 -0.1789141298615306 0.043097308106586574
0.27852890160082083 -0.1770961651073411 0.043574831299808825
0.27879943815291935 -0.17528636437718786 0.044050212560138705
0.27906881268091505 -0.17348469102574793 0.04452346101070952
0.27933703004268406 -0.1716911085875507 0.044994585742348533
0.27960409507191225 -0.16990558077562457 0.04546359581389052
0.279870012578369 -0.16812807148013 0.04593050025250379
0.2801347873482667 -0.1663585447670097 0.04639530805397952
0.2803984241445887 -0.16459696487664524 0.046858028183034514
0.2806609277073705 -0.16284329622252747 0.047318669573562205
0.28092230275404345 -0.16109750338992576 0.04777724112890844
0.2811825539796996 -0.15935955113456662 0.04823375172211808
0.28144168605739994 -0.15762940438132214 0.04868821019616121
0.28169970363846336 -0.1559070282229322 0.04914062536416118
0.28195661135273115 -0.15419238791869627 0.04959100600959088
0.2822124138088397 -0.1524854488932028 0.0500393608864845
0.2824671155944788 -0.15078617673507375 0.05048569871961035
0.282720721276656 -0.14909453719570565 0.05093002820464191
0.2829732354019371 -0.14741049618804178 0.051372358008324945
0.2832246624966764 -0.14573401978533704 0.05181269676860811
0.2834750070672606 -0.14406507421995302 0.05225105309480282
0.2837242736003197 -0.14240362588215655 0.052687435567687915
0.2839724665629669 -0.1407496413189437 0.05312185273963926
0.2842195904029724 -0.1391030872328697 0.053554313134716036
0.2844656495490033 -0.13746393048089706 0.05398482524877311
0.284710648410796 -0.13583213807325273 0.054413397549544565
0.28495459137935797 -0.13420767717231202 0.05484003847670104
0.2851974828271354 -0.13259051509149064 0.05526475644193238
0.28543932710820163 -0.13098061929415666 0.05568755982900232
0.2856801285584278 -0.1293779573925467 0.05610845699379384
0.28591989149564206 -0.12778249714672169 0.05652745626435811
0.2861586202197915 -0.12619420646350782 0.056944565940935984
0.28639631901307705 -0.12461305339548107 0.05735979429599823
0.28663299214013715 -0.1230390061399527 0.05777314957425426
0.2868686438481518 -0.12147203303797931 0.05818463999267082
0.2871032783669927 -0.11991210257337921 0.0585942737404892
0.28733689990937206 -0.11835918337177259 0.05900205897920581
0.2875695126709265 -0.11681324419962831 0.059408003842589596
0.28780112083038323 -0.1152742539633492 0.05981211643666565
0.28803172854964654 -0.11374218170834392 0.06021440483969685
0.28826133997394227 -0.11221699661813403 0.060614877102176404
0.2884899592318934 -0.11069866801346664 0.06101354124679963
0.2887175904356464 -0.10918716535145438 0.061410405268452296
0.288944237680959 -0.10768245822470948 0.06180547713416972
0.2891699050473178 -0.10618451636052129 0.06219876478310319
0.28939459659801037 -0.10469330962002277 0.0625902761265077
0.28961831638023744 -0.10320880799738472 0.06298001904768752
0.28984106842517315 -0.10173098161902477 0.06336800140196608
0.29006285674809323 -0.10025980074282406 0.06375423101665209
0.2902836853484202 -0.09879523575736246 0.0641387156909921
0.29050355820982504 -0.09733725718116626 0.06452146319612999
0.29072247930029105 -0.09588583566197068 0.0649024812750697
0.29094045257220164 -0.09444094197599467 0.06528177764262494
0.29115748196241664 -0.09300254702722094 0.0656593599853932
0.291373571392329 -0.09157062184670292 0.06603523596169046
0.29158872476795106 -0.09014513759187692 0.06640941320152877
0.2918029459799615 -0.08872606554588425 0.06678189930656081
0.29201623890379963 -0.08731337711690246 0.06715270185003844
0.2922286073997104 -0.08590704383749678 0.06752182837678378
0.292440055312814 -0.08450703736397958 0.06788928640313109
0.292650586473173 -0.08311332947577499 0.06825508341690531
0.2928602046958484 -0.08172589207479986 0.06861922687736827
0.29306891378097366 -0.08034469718485665 0.06898172421519932
0.29327671751376794 -0.07896971695102697 0.06934258283244635
0.2934836196646725 -0.07760092363908871 0.06970181010250094
0.29368962398933623 -0.0762382896349238 0.07005941337006061
0.29389473422869666 -0.07488178744395742 0.07041539995110746
0.2940989541090585 -0.07353138969058799 0.07076977713287667
0.2943022873421214 -0.07218706911762979 0.0711225521738261
0.2945047376250419 -0.07084879858577367 0.07147373230362304
0.29470630864048303 -0.06951655107303957 0.0718233247231244
0.29490700405668496 -0.06819029967425305 0.07217133660434495
0.29510682752750117 -0.06687001760051635 0.07251777509045707
0.29530578269245294 -0.06555567817869012 0.0728626472957695
0.2955038731767965 -0.06424725485089305 0.07320596030571998
0.2957011025915719 -0.06294472117398357 0.07354772117686167
0.2958974745336264 -0.0616480508190795 0.07388793693686335
0.2960929925856966 -0.060357217571056374 0.07422661458451749
0.29628766031644876 -0.05907219532806578 0.07456376108971549
0.2964814812805377 -0.0577929581010567 0.07489938339347632
0.2966744590186556 -0.056519480013300274 0.07523348840792675
0.29686659705756047 -0.05525173529992296 0.0755660830163328
0.2970578989101689 -0.05398969830744427 0.0758971740731024
0.29724836807557226 -0.05273334349331693 0.0762267684037958
0.2974380080390913 -0.05148264542547037 0.07655487280514872
0.29762682227233833 -0.050237578781867215 0.0768814940450896
0.2978148142332729 -0.04899811835005487 0.0772066388627588
0.2980019873662327 -0.04776423902672239 0.07753031396853838
0.2981883451019859 -0.04653591581726604 0.07785252604407884
0.2983738908578006 -0.04531312383535506 0.07817328174233158
0.2985586280374777 -0.044095838302503645 0.07849258768757568
0.2987425600313998 -0.04288403454764003 0.07881045047545915
0.29892569021659315 -0.04167768800668826 0.0791268766730375
0.29910802195676023 -0.040476774222143845 0.07944187281881299
0.29928955860234757 -0.0392812688426596 0.07975544542277949
0.29947030349058756 -0.03809114762262983 0.08006760096646985
0.2996502599455492 -0.03690638642177704 0.08037834590299718
0.2998294312781758 -0.03572696120474887 0.08068768665711691
0.30000782078635213 -0.034552848040703646 0.08099562962527157
0.30018543175495077 -0.0333840231029138 0.08130218117565038
0.30036226745586636 -0.032220462668361045 0.08160734764824312
0.30053833114807743 -0.031062143117329778 0.08191113535490571
0.3007136260777028 -0.029909040933017696 0.0822135505794163
0.3008881554780294 -0.028761132701140505 0.08251459957754656
0.3010619225695757 -0.027618395109530985 0.08281428857712157
0.3012349305601448 -0.026480804947753674 0.08311262377809647
0.3014071826448547 -0.025348339106711117 0.08340961135261113
0.3015786820062039 -0.024220974578252744 0.08370525744507884
0.3017494318141129 -0.023098688454793244 0.08399956817225217
0.3019194352259699 -0.02198145792892542 0.08429254962330214
0.3020886953866963 -0.020869260293022558 0.0845842078598893
0.30225721542875766 -0.01976207293888016 0.08487454891625137
0.3024249984722493 -0.018659873357316774 0.08516357879927719
0.3025920476249312 -0.017562639137794774 0.08545130348859348
0.30275836598226946 -0.016470347968046313 0.08573772893664436
0.30292395662749116 -0.015382977633689503 0.08602286106877831
0.30308882263161285 -0.014300506017857602 0.08630670578334164
0.30325296705353044 -0.01322291110082046 0.08658926895175192
0.30341639294001543 -0.012150170959605987 0.0868705564186025
0.3035791033257982 -0.011082263767633556 0.08715057400174048
0.3037411012335966 -0.01001916779432812 0.08742932749236652
0.30390238967416994 -0.008960861404763702 0.08770682265512533
0.30406297164635115 -0.00790732305928181 0.08798306522819449
0.30422285013712475 -0.006858531313127872 0.08825806092339128
0.30438202812163084 -0.005814464816074928 0.0885318154262563
0.3045405085632473 -0.0047751023120593886 0.08880433439615343
0.30469829441360996 -0.0037404226388091794 0.08907562346637676
0.30485538861266875 -0.0027104047274853216 0.08934568824423186
0.3050117940887361 -0.001685027602307862 0.08961453431115023
0.3051675137585219 -0.0006642703801889721 0.08988216722278282
0.3053225505271741 0.00035188772962466836 0.09014859250910093
0.30547690728835286 0.0013634674259223392 0.09041381567449369
0.30563058692423645 0.0023704893158859874 0.09067784219788627
0.30578359230559304 0.003372973915458981 0.09094067753281611
0.3059359262918018 0.004370941649705862 0.09120232710756698
0.3060875917309177 0.00536441285317301 0.09146279632524185
0.30623859145970006 0.006353407770243694 0.09172209056388914
0.30638892830365205 0.007337946555509824 0.09198021517659846
0.30653860507708464 0.008318049274122122 0.09223717549160554
0.30668762458314636 0.009293735902151289 0.09249297681240161
0.30683598961385505 0.010265026326943011 0.09274762441783138
0.3069837029501531 0.011231940347477716 0.0930011235622042
0.30713076736194345 0.012194497674721319 0.093253479475405
0.3072771856081396 0.013152717931993727 0.09350469736298764
0.3074229604367109 0.014106620655309828 0.0937547824062913
0.3075680945846866 0.01505622529373827 0.09400373976254826
0.3077125907782464 0.016001551209755924 0.09425157456498659
0.3078564517327325 0.01694261767960213 0.0944982919229283
0.30799968015269263 0.017879443893623823 0.09474389692191679
0.3081422787319208 0.01881204895663014 0.09498839462381153
0.3082842501535116 0.019740451888250042 0.09523179006689034
0.30842559708988637 0.020664671623272145 0.0954740882659676
0.30856632220283114 0.021584727011995465 0.09571529421249506
0.3087064281435347 0.02250063682058185 0.09595541287466716
0.30884591755264124 0.023412419731397002 0.09619444919753384
0.3089847930602786 0.02432009434336562 0.09643240810310542
0.3091230572860955 0.025223679172308652 0.09666929449045909
0.30926071283931533 0.02612319265129348 0.09690511323583813
0.3093977623187483 0.02701865313097971 0.09713986919277476
0.30953420831285444 0.027910078879955162 0.0973735671921777
0.30967005339976994 0.028797488085084554 0.09760621204245706
0.30980530014734364 0.029680898851848915 0.09783780852961306
0.3099399511131714 0.030560329204687646 0.0980683614173539
0.3100740088446503 0.03143579708733801 0.09829787544719579
0.3102074758789941 0.03230732036317995 0.0985263553385699
0.310340354743291 0.03317491681556069 0.0987538057889272
0.31047264795452306 0.03403860414814451 0.09898023147384083
0.3106043580196042 0.03489839998524829 0.0992056370471174
0.31073548743543916 0.03575432187217389 0.09943002714089066
0.31086603868891943 0.03660638727554108 0.09965340636573956
0.3109960142570076 0.0374546135836279 0.09987577931077622
0.31112541660672194 0.03829901810669917 0.100097150543762
0.3112542481952114 0.03913961807733971 0.10031752461120187
0.3113825114697838 0.0399764306507847 0.10053690603844849
0.3115102088679248 0.04080947290525621 0.10075529932981118
0.31163734281734284 0.04163876184227857 0.10097270896865268
0.3117639157360013 0.042464314387024076 0.10118913941748929
0.31188993003216586 0.043286147388628814 0.10140459511809333
0.31201538810442275 0.04410427762052321 0.10161908049159507
0.3121402923417288 0.04491872178075845 0.1018325999385821
0.31226464512342705 0.04572949649232576 0.10204515783920219
0.31238844881929384 0.04653661830348589 0.10225675855325517
0.31251170578956616 0.04734010368809365 0.10246740642030364
0.31263441838498696 0.04813996904591166 0.10267710575975669
0.3127565889468209 0.04893623070293575 0.10288586087098467
0.31287821980691216 0.049728904911715596 0.10309367603340758
0.31299931328769065 0.05051800785166968 0.10330055550659126
0.3131198717022239 0.05130355562940565 0.10350650353034932
0.31323989735424534 0.0520855642790362 0.10371152432483724
0.3133593925381842 0.05286404976249523 0.10391562209065217
0.31347835953920394 0.05363902796985188 0.10411880100892246
0.3135968006332325 0.05441051471962802 0.10432106524140752
0.3137147180869904 0.055178525759100074 0.1045224189305908
0.31383211415802953 0.055943076764618196 0.10472286619977624
0.3139489910947645 0.05670418334191813 0.10492241115317812
0.31406535113650197 0.05746186102642756 0.10512105787602002
0.31418119651347776 0.05821612528357514 0.10531881043462263
0.31429652944687975 0.05896699150909314 0.10551567287650342
0.31441135214889265 0.0597144750293353 0.10571164923045834
0.3145256668227166 0.06045859110156359 0.10590674350666401
0.314639475662613 0.061199354914273 0.10610095969675871
0.3147527808539231 0.06193678158747805 0.10629430177394694
0.31486558457310415 0.06267088617302403 0.10648677369307159
0.3149778889877638 0.06340168365488258 0.10667837939072292
0.3150896962566803 0.06412918894945027 0.10686912278531474
0.3152010085298553 0.06485341690585801 0.10705900777717751
0.3153118279485233 0.06557438230625214 0.10724803824864382
0.31542215664519646 0.06629209986610629 0.10743621806414366
0.31553199674368926 0.06700658423450415 0.10762355107028462
0.3156413503591469 0.06771784999443739 0.1078100410959443
0.31575021959807426 0.06842591166310763 0.1079956919523529
0.3158586065583762 0.06913078369220271 0.10818050743318369
0.315966513329392 0.06983248046820373 0.10836449131463138
0.31607394199190314 0.0705310163126611 0.1085476473555061
0.3161808946181807 0.0712264054824894 0.10872997929731543
0.3162873732720207 0.07191866217025808 0.10891149086433997
0.3163933800087514 0.07260780050446917 0.1090921857637348
0.3164989168752893 0.07329383454985239 0.10927206768559497
0.3166039859101539 0.07397677830764228 0.10945114030305095
0.31670858914349587 0.07465664571586268 0.10962940727234508
0.3168127285971342 0.07533345064960881 0.1098068722329204
0.3169164062845902 0.07600720692133534 0.10998353880748665
0.31701962421109775 0.07667792828112208 0.11015941060212353
0.31712238437365614 0.07734562841696116 0.1103344912063443
0.3172246887610459 0.07801032095503865 0.11050878419318111
0.3173265393538501 0.0786720194600001 0.11068229311926955
0.3174279381245138 0.0793307374352388 0.11085502152492357
0.31752888703734267 0.07998648832315422 0.11102697293421387
0.31762938804854157 0.08063928550544447 0.11119815085504729
0.317729443106247 0.08128914230335653 0.11136855877924945
0.3178290541505585 0.08193607197797861 0.11153820018263558
0.31792822311355234 0.0825800877304908 0.1117070785250926
0.3180269519193338 0.0832212027024477 0.11187519725065627
0.3181252424840404 0.08385942997603821 0.11204255978758507
0.3182230967158957 0.08449478257435497 0.11220916954843482
0.3183205165152189 0.08512727346166153 0.11237502993013992
0.31841750377445777 0.08575691554365211 0.1125401443140823
0.31851406037822316 0.08638372166771818 0.11270451606617485
0.318610188203312 0.08700770462320959 0.11286814853692353
0.3187058891187376 0.08762887714169552 0.11303104506151636
0.3188011649857503 0.08824725189722027 0.11319320895988386
0.31889601765788633 0.08886284150657575 0.11335464353677777
0.3189904489809691 0.08947565852953931 0.11351535208184291
0.3190844607931535 0.09008571546914866 0.11367533786969342
0.3191780549249505 0.09069302477194352 0.11383460415998131
0.3192712331992558 0.0912975988282275 0.11399315419746853
0.31936399743137706 0.091899449972321 0.11415099121209599
0.319456349429056 0.09249859048281248 0.11430811841905741
0.31954829099250587 0.09309503258280785 0.11446453901887345
0.31963982391443096 0.09368878844018515 0.11462025619745123
0.319730949980062 0.09427987016783776 0.11477527312616387
0.31982167096717196 0.09486828982392842 0.11492959296191566
0.319911988646118 0.09545405941213009 0.11508321884721202
0.3200019047798504 0.0960371908818784 0.11523615391022646
0.32009142112395955 0.09661769612861221 0.11538840126487317
0.3201805394266891 0.09719558699401694 0.11553996401086843
0.3202692614289696 0.09777087526627024 0.11569084523380341
0.3203575888644463 0.09834357268027957 0.11584104800520872
0.3204455234594954 0.09891369091792981 0.11599057538262306
0.3205330669332651 0.09948124160831474 0.11613943040965649
0.3206202209976951 0.10004623632797668 0.11628761611605898
0.32070698735754494 0.1006086866011541 0.11643513551778756
0.3207933677104168 0.10116860390000347 0.11658199161707056
0.3208793637467881 0.10172599964484547 0.11672818740246785
0.3209649771500392 0.10228088520439567 0.11687372584893946
0.32105020959647146 0.10283327189599578 0.11701860991791366
0.32113506275533826 0.10338317098584929 0.11716284255734613
0.3212195382888726 0.10393059368925156 0.11730642670178307
0.3213036378523065 0.10447555117081753 0.11744936527242798
0.3213873630939129 0.10501805454471944 0.11759166117719888
0.3214707156550137 0.10555811487490244 0.11773331731080217
0.32155369717001914 0.10609574317532362 0.11787433655477642
0.3216363092664452 0.10663095041016979 0.11801472177757583
0.32171855356494206 0.10716374749408966 0.11815447583461441
0.32180043167932076 0.10769414529240988 0.11829360156834179
0.32188194521658314 0.10822215462136847 0.11843210180828881
0.32196309577694154 0.10874778624833126 0.11856997937114094
0.322043884953842 0.10927105089200892 0.1187072370607915
0.322124314333998 0.10979195922268518 0.11884387766840518
0.3222043854974095 0.11031052186243254 0.11897990397247661
0.3222841000173939 0.11082674938533235 0.11911531873889021
0.3223634594606103 0.11134065231768947 0.1192501247209791
0.3224424653870768 0.111852241138248 0.11938432465958276
0.3225211193502092 0.11236152627841568 0.11951792128310337
0.322599422896836 0.1128685181224659 0.1196509173075712
0.32267737756722414 0.11337322700775776 0.11978331543669853
0.322754984895108 0.11387566322494833 0.11991511836193294
0.3228322464077161 0.11437583701820511 0.1200463287625244
0.322909163625787 0.11487375858541021 0.12017694930557034
0.32298573806360903 0.11536943807838307 0.12030698264608206
0.32306197122902397 0.11586288560307467 0.12043643142703833
0.3231378646234767 0.1163541112197845 0.12056529827943821
0.3232134197420161 0.11684312494336432 0.1206935858223602
0.3232886380733425 0.11732993674342654 0.12082129666301615
0.3233635210998076 0.11781455654454581 0.12094843339680969
0.3234380702974604 0.11829699422646531 0.1210749986073875
0.3235122871360565 0.11877725962429841 0.12120099486669597
0.3235861730790977 0.11925536252873634 0.12132642473503114
0.323659729583842 0.11973131268624038 0.12145129076110227
0.32373295810133157 0.12020511979924944 0.121575595482076
0.3238058600764215 0.12067679352637753 0.12169934142363555
0.3238784369478014 0.12114634348261272 0.12182253110003292
0.32395069014801603 0.12161377923951402 0.12194516701413946
0.3240226211034949 0.12207911032540841 0.12206725165750412
0.3240942312345711 0.1225423462255878 0.1221887875103979
0.32416552195550946 0.12300349638250374 0.12230977704187435
0.324236494674527 0.12346257019596144 0.12243022270981571
0.3243071507938201 0.12391957702331244 0.12255012696098783
0.3243774917095795 0.12437452617964735 0.1226694922310903
0.3244475188120321 0.12482742693799168 0.12278832094480598
0.3245172334854405 0.12527828852948922 0.12290661551585627
0.32458663710814273 0.1257271201435966 0.12302437834704802
0.3246557310525706 0.12617393092826928 0.12314161183032753
0.32472451668527597 0.1266187299901554 0.12325831834682482
0.3247929953669475 0.12706152639477467 0.1233745002669106
0.324861168452443 0.12750232916671592 0.12349015995023913
0.324929037290802 0.1279411472898094 0.123605299745802
0.32499660322527774 0.1283779897073222 0.12371992199197876
0.3250638675933512 0.12881286532213404 0.12383402901658389
0.3251308317267642 0.12924578299693118 0.12394762313690935
0.32519749695154 0.12967675155438027 0.12406070665978346
0.32526386458799206 0.13010577977730664 0.1241732818816136
0.32532993595077114 0.13053287640888833 0.12428535108843305
0.32539571234886505 0.13095805015281986 0.12439691655595272
0.325461195085631 0.13138130967349987 0.12450798054960846
0.3255263854588204 0.1318026635962133 0.12461854532460125
0.3255912847606032 0.1322221205072996 0.12472861312595027
0.32565589427757174 0.13263968895433115 0.12483818618854442
0.32572021529079287 0.13305537744629703 0.12494726673717768
0.3257842490758016 0.1334691944537684 0.12505585698660357
0.3258479969026416 0.1338811484090759 0.12516395914157638
0.32591146003587834 0.13429124770648526 0.12527157539690237
0.3259746397346278 0.13469950070236722 0.12537870793748015
0.32603753725256895 0.13510591571536656 0.12548535893835044
0.3261001538379716 0.13551050102658077 0.12559153056473962
0.3261624907337247 0.1359132648797282 0.1256972249721004
0.3262245491773428 0.13631421548130862 0.1258024443061659
0.32628633040099997 0.13671336100078452 0.12590719070298706
0.3263478356315447 0.13711070957073945 0.12601146628897694
0.32640906609053005 0.13750626928705095 0.12611527318095783
0.32647002299422156 0.13790004820905336 0.1262186134862035
0.32653070755362695 0.13829205435970482 0.1263214893024862
0.3265911209745207 0.13868229572575305 0.1264239027181147
0.326651264457456 0.139070780257897 0.126525855811983
0.32671113919779415 0.1394575158709525 0.12662735065360825
0.3267707463857188 0.1398425104440136 0.12672838930317798
0.32683008720626533 0.14022577182061827 0.1268289738115888
0.3268891628393354 0.14060730780890146 0.12692910622049158
0.32694797445971435 0.14098712618176298 0.12702878856233585
0.32700652323710383 0.14136523467702297 0.12712802286040462
0.32706481033612805 0.1417416409975813 0.12722681112886505
0.32712283691637273 0.14211635281158233 0.1273251553728008
0.3271806041323863 0.14248937775256024 0.12742305758826275
0.32723811313371065 0.142860723419605 0.12752051976230308
0.32729536506490065 0.14323039737751622 0.1276175438730205
0.3273523610655454 0.14359840715695765 0.12771413188960068
0.3274091022702847 0.1439647602546103 0.1278102857723531
0.32746558980883567 0.14432946413333247 0.12790600747275638
0.3275218248060034 0.14469252622230525 0.12800129893349663
0.3275778083817119 0.14505395391719172 0.12809616208850583
0.3276335416510151 0.14541375458028205 0.1281905988630045
0.3276890257241226 0.14577193554064935 0.12828461117353893
0.32774426170641624 0.1461285040943014 0.1283782009280228
0.32779925069847227 0.1464834675043262 0.12847137002577708
0.3278539937960778 0.1468368330010407 0.12856412035756642
0.32790849209025896 0.14718860778214454 0.12865645380563837
0.32796274666728753 0.14753879901286512 0.12874837224376381
0.32801675860871243 0.14788741382610457 0.1288398775372734
0.3280705289913717 0.1482344593225821 0.12893097154310026
0.3281240588874126 0.14857994257098414 0.129021656109815
0.3281773493643189 0.14892387060811224 0.1291119330776614
0.3282304014849163 0.1492662504390212 0.12920180427860012
0.32828321630740614 0.14960708903716444 0.12929127153633965
0.32833579488537323 0.14994639334454002 0.12938033666638127
0.3283881382678103 0.1502841702718283 0.12946900147605117
0.32844024749914136 0.15062042669854198 0.12955726776453574
0.32849212361923036 0.15095516947315712 0.12964513732292565
0.328543767663406 0.15128840541325878 0.12973261193424687
0.328595180662482 0.15162014130568086 0.12981969337349944
0.3286463636427722 0.1519503839066449 0.12990638340769353
0.32869731762611043 0.15227913994189693 0.12999268379588702
0.32874804362987303 0.15260641610685263 0.13007859628921603
0.32879854266698827 0.15293221906672178 0.1301641226309412
0.32884881574596825 0.15325655545665676 0.13024926455647068
0.32889886387091205 0.15357943188188183 0.13033402379340864
0.32894868804153776 0.15390085491783406 0.13041840206157956
0.3289982892531915 0.15422083111029128 0.1305024010730717
0.32904766849686784 0.15453936697550902 0.13058602253226825
0.32909682675923085 0.15485646900035896 0.13066926813588087
0.32914576502262916 0.1551721436424538 0.13075213957299153
0.3291944842651198 0.15548639733028738 0.1308346385250749
0.32924298546047376 0.15579923646335914 0.13091676666604607
0.3292912695782107 0.15611066741231455 0.1309985256622855
0.32933933758360007 0.1564206965190636 0.13107991717267847
0.32938719043769216 0.1567293300969206 0.13116094284864455
0.329434829097327 0.15703657443073105 0.13124160433417603
0.3294822545151545 0.15734243577699733 0.13132190326586965
0.32952946763965624 0.15764692036401257 0.13140184127295707
0.3295764694151554 0.15795003439197938 0.1314814199773447
0.32962326078184373 0.15825178403314677 0.1315606409936396
0.32966984267579286 0.15855217543193315 0.13163950592918794
0.32971621602896856 0.15885121470504893 0.1317180163841047
0.3297623817692534 0.1591489079416231 0.1317961739513108
0.329808340820464 0.15944526120333355 0.13187398021655913
0.3298540941023657 0.15974028052452202 0.13195143675847254
0.3298996425306891 0.16003397191232652 0.13202854514857254
0.3299449870171514 0.16032634134679705 0.13210530695131284
0.32999012846946607 0.16061739478102519 0.13218172372411352
0.3300350677913699 0.16090713814125737 0.13225779701738744
0.33007980588262864 0.16119557732702583 0.13233352837457804
0.3301243436390627 0.16148271821126187 0.13240891933218646
0.33016868195255483 0.16176856664041891 0.13248397141980606
0.33021282171108224 0.1620531284345968 0.1325586861601486
0.3302567637987154 0.16233640938765193 0.13263306506908118
0.330300509095643 0.1626184152673203 0.1327071096556555
0.3303440584781902 0.1628991518153382 0.13278082142213501
0.33038741281883144 0.1631786247475583 0.13285420186403188
0.3304305729862026 0.16345683975406128 0.13292725247013215
0.33047353984513117 0.1637338024992811 0.13299997472252806
0.3305163142566383 0.16400951862211266 0.13307237009665007
0.3305588970779645 0.16428399373603608 0.1331444400612918
0.3306012891625755 0.16455723342922324 0.13321618607864713
0.3306434913601908 0.1648292432646565 0.13328760960433403
0.33068550451678724 0.16510002878024257 0.1333587120874275
0.3307273294746233 0.1653695954889218 0.13342949497048873
0.33076896707225406 0.16563794887879102 0.13349995968959175
0.3308104181445433 0.1659050944132009 0.13357010767435804
0.3308516835226816 0.1661710375308815 0.1336399403479792
0.3308927640342034 0.16643578364604808 0.13370945912724969
0.33093366050299794 0.16669933814850768 0.13377866542259761
0.3309743737493294 0.16696170640377792 0.1338475606381096
0.33101490458984745 0.16722289375318755 0.13391614617156222
0.33105525383761203 0.1674829055139971 0.13398442341444677
0.33109542230209693 0.1677417469794952 0.13405239375200242
0.33113541078921105 0.16799942341911586 0.13412005856324113
0.33117522010131845 0.1682559400785432 0.13418741922097577
0.3312148510372417 0.168511302179819 0.13425447709185118
0.33125430439228615 0.16876551492144842 0.13432123353636755
0.33129358095825373 0.16901858347850565 0.13438768990891092
0.331332681523454 0.16927051300274415 0.1344538475577825
0.3313716068727216 0.16952130862269976 0.1345197078252212
0.3314103577874355 0.16977097544379322 0.13458527204743387
0.33144893504552386 0.17001951854843567 0.1346505415546242
0.3314873394214885 0.1702669429961366 0.13471551767101575
0.3315255716864147 0.170513253823602 0.13478020171488
0.3315636326079852 0.1707584560448403 0.13484459499856716
0.3316015229504953 0.17100255465126224 0.13490869882853018
0.3316392434748725 0.17124555461178764 0.1349725145053468
0.33167679493868213 0.17148746087294064 0.1350360433237542
0.3317141780961485 0.17172827835895818 0.13509928657266967
0.33175139369816964 0.17196801197188397 0.13516224553521855
0.33178844249232387 0.17220666659167347 0.13522492148876109
0.3318253252228943 0.17244424707628997 0.1352873157049176
0.33186204263087277 0.17268075826180782 0.1353494294495938
0.3318985954539844 0.17291620496250815 0.13541126398300699
0.3319349844266929 0.17315059197097768 0.13547282055971327
0.33197121028021903 0.17338392405820827 0.13553410042862965
0.3320072737425554 0.17361620597369376 0.1355951048330636
0.3320431755384746 0.17384744244552564 0.13565583501073386
0.33207891638955295 0.17407763818049232 0.13571629219379816
0.3321144970141755 0.17430679786417286 0.13577647760887898
0.33214991812755035 0.17453492616103422 0.13583639247708845
0.33218518044172507 0.17476202771452531 0.13589603801405098
0.3322202846656052 0.17498810714717478 0.13595541542992784
0.3322552315049571 0.17521316906068166 0.13601452592944618
0.33229002166242977 0.17543721803601056 0.13607337071191752
0.332324655837563 0.17566025863348886 0.13613195097126785
0.33235913472680473 0.17588229539289388 0.1361902678960564
0.33239345902352324 0.17610333283355 0.13624832266950446
0.3324276294180198 0.1763233754544189 0.13630611646951613
0.3324616465975422 0.17654242773419337 0.13636365046870447
0.3324955112462951 0.17676049413138714 0.13642092583441479
0.33252922404546237 0.1769775790844264 0.13647794372874641
0.33256278567320857 0.17719368701174143 0.13653470530857822
0.33259619680470126 0.17740882231185628 0.13659121172559224
0.3326294581121162 0.17762298936347667 0.13664746412629747
0.33266257026465607 0.17783619252558278 0.13670346365205127
0.3326955339285591 0.17804843613751478 0.13675921143908365
0.33272834976711746 0.17825972451906677 0.13681470861852002
0.3327610184406828 0.17847006197056803 0.13686995631640617
0.3327935406066889 0.17867945277297714 0.13692495565372595
0.33282591691965074 0.17888790118796516 0.13697970774643115
0.3328581480311921 0.17909541145800617 0.1370342137054575
0.33289023459004596 0.1793019878064596 0.1370884746367511
0.3329221772420727 0.17950763443765969 0.1371424916412906
0.3329539766302707 0.17971235553700182 0.13719626581510902
0.3329856333947924 0.17991615527102456 0.13724979824931446
0.3330171481729515 0.18011903778749944 0.13730309003011476
0.3330485215992383 0.1803210072155107 0.13735614223883982
0.3330797543053329 0.18052206766554474 0.13740895595195804
0.33311084692011367 0.18072222322956868 0.13746153224110597
0.3331418000696734 0.18092147798111885 0.1375138721731052
0.33317261437732704 0.18111983597537962 0.13756597680998633
0.33320329046362906 0.1813173012492698 0.13761784720900616
0.33323382894638215 0.1815138778215234 0.13766948442267574
0.33326423044064923 0.18170956969277136 0.13772088949877742
0.33329449555876606 0.1819043808456246 0.13777206348038654
0.3333246249103518 0.18209831524475267 0.13782300740589282
0.33335461910232417 0.182291376836968 0.13787372230902312
0.3333844787389081 0.18248356955130512 0.1379242092188604
0.333414204421647 0.18267489729910036 0.13797446915986403
0.3334437967494168 0.18286536397407005 0.1380245031518934
0.333473256318438 0.18305497345239496 0.13807431221022548
0.33350258372228253 0.1832437295927951 0.138123897345579
0.3335317795518926 0.18343163623661063 0.1381732595641298
0.333560844395583 0.18361869720787774 0.13822239986753806
0.3335897788390623 0.18380491631340942 0.1382713192529622
0.33361858346543916 0.1839902973428737 0.1383200187130812
0.3336472588552315 0.18417484406886725 0.1383684992361176
0.3336758055863812 0.1843585602469954 0.13841676180585338
0.33370422423426477 0.18454144961594818 0.1384648074016534
0.3337325153717034 0.18472351589757546 0.13851263699848204
0.3337606795689774 0.18490476279696563 0.1385602515669259
0.3337887173938322 0.18508519400251705 0.13860765207321113
0.3338166294114929 0.1852648131860187 0.1386548394792249
0.333844416184674 0.1854436240027194 0.1387018147425344
0.3338720782735925 0.18562163009140623 0.13874857881640382
0.3338996162359761 0.18579883507447947 0.13879513264981752
0.33392703062707635 0.18597524255802306 0.13884147718749582
0.33395432199967523 0.18615085613187793 0.1388876133699182
0.3339814909041009 0.18632567936972044 0.13893354213333894
0.3340085378882352 0.18649971582912944 0.13897926440980757
0.33403546349752833 0.1866729690516647 0.13902478112718608
0.33406226827500385 0.18684544256293315 0.13907009320916988
0.3340889527612724 0.18701713987266338 0.13911520157530577
0.3341155174945431 0.1871880644747799 0.13916010714101046
0.33414196301063326 0.18735821984746975 0.13920481081758976
0.33416828984297603 0.18752760945325644 0.13924931351225564
0.3341944985226379 0.18769623673907093 0.139293616128145
0.33422058957832074 0.18786410513631815 0.13933771956433902
0.3342465635363776 0.18803121806095216 0.13938162471588134
0.33427242092081955 0.18819757891354283 0.13942533247379496
0.33429816225332976 0.18836319107934507 0.13946884372510085
0.3343237880532692 0.1885280579283684 0.13951215935283742
0.33434929883769343 0.1886921828154477 0.13955528023607397
0.3343746951213549 0.188855569080308 0.13959820724993435
0.33439997741671823 0.18901822004763397 0.13964094126561133
0.3344251462339678 0.18918013902713993 0.1396834831503848
0.33445020208101983 0.18934132931363495 0.13972583376763884
0.33447514546352847 0.18950179418709007 0.13976799397688064
0.33449997688490063 0.18966153691270568 0.1398099646337571
0.3345246968463052 0.18982056074098042 0.1398517465900704
0.3345493058466778 0.18997886890777269 0.13989334069379997
0.33457380438273476 0.1901364646343699 0.1399347477891136
0.3345981929489832 0.19029335112755458 0.13997596871639026
0.33462247203772955 0.19044953157966774 0.1400170043122327
0.3346466421390879 0.19060500916867495 0.14005785540948806
0.33467070374099267 0.1907597870582315 0.14009852283726076
0.3346946573292074 0.19091386839774746 0.14013900742093238
0.3347185033873315 0.1910672563224493 0.14017930998217779
0.3347422423968113 0.19121995395344663 0.14021943133898124
0.3347658748369499 0.1913719643977937 0.14025937230565352
0.33478940118491846 0.1915232907485552 0.14029913369284755
0.33481282191576234 0.19167393608486655 0.14033871630757588
0.3348361375024123 0.19182390347199957 0.14037812095322583
0.3348593484156918 0.19197319596142165 0.14041734842957793
0.3348824551243303 0.19212181659086255 0.1404563995328179
0.3349054580949677 0.19226976838437082 0.1404952750555585
0.3349283577921662 0.19241705435237919 0.14053397578685115
0.33495115467841863 0.19256367749176515 0.14057250251220463
0.3349738492141608 0.19270964078591207 0.1406108560135968
0.3349964418577724 0.19285494720476892 0.14064903706949736
0.3350189330655965 0.1929995997049134 0.14068704645487587
0.33504132329194025 0.1931436012296089 0.14072488494122404
0.3350636129890865 0.19328695470886703 0.1407625532965674
0.3350858026073059 0.1934296630595062 0.14080005228548204
0.33510789259485974 0.19357172918521096 0.14083738266911075
0.335129883398013 0.1937131559765919 0.14087454520517761
0.335151775461043 0.19385394631124442 0.14091154064800343
0.3351735692262485 0.1939941030538084 0.1409483697485195
0.3351952651339534 0.19413362905602383 0.14098503325428632
0.3352168636225219 0.1942725271567905 0.14102153190950673
0.3352383651283635 0.1944108001822254 0.14105786645504084
0.33525977008594343 0.194548450945724 0.14109403762842093
0.33528107892779 0.194685482248011 0.1411300461638668
0.33530229208450263 0.19482189687720172 0.14116589279230127
0.3353234099847623 0.19495769760885923 0.14120157824136395
0.33534443305533923 0.19509288720604956 0.141237103235425
0.33536536172110004 0.19522746841939637 0.14127246849560338
0.33538619640501727 0.19536144398714117 0.14130767473977807
0.3354069375281769 0.19549481663519502 0.141342722682604
0.3354275855097893 0.1956275890771973 0.14137761303552565
0.3354481407671936 0.19575976401456885 0.14141234650679316
0.33546860371586923 0.19589134413656806 0.14144692380147472
0.3354889747694424 0.1960223321203447 0.1414813456214727
0.3355092543396932 0.19615273063099573 0.14151561266553636
0.3355294428365681 0.19628254232161982 0.14154972562927562
0.335549540668181 0.19641176983336986 0.14158368520517867
0.33556954824082974 0.1965404157955071 0.14161749208262037
0.33558946595899847 0.19666848282545676 0.14165114694788122
0.33560929422536495 0.1967959735288582 0.1416846504841585
0.33562903344081313 0.19692289049961983 0.141718003371582
0.3356486840044371 0.19704923631997281 0.14175120628722546
0.33566824631355086 0.19717501356052225 0.14178425990512186
0.33568772076369535 0.19730022478029943 0.14181716489627766
0.3357071077486482 0.1974248725268159 0.1418499219286834
0.335726407660428 0.19754895933611186 0.1418825316673313
0.3357456208893042 0.19767248773281168 0.1419149947742269
0.33576474782380705 0.19779546023017372 0.14194731190840035
0.3357837888507312 0.19791787933014068 0.14197948372592353
0.33580274435514434 0.19803974752339118 0.1420115108799202
0.3358216147203969 0.19816106728939112 0.14204339402058155
0.33584040032812773 0.19828184109644373 0.1420751337951779
0.3358591015582723 0.19840207140174015 0.14210673084807282
0.33587771878907113 0.19852176065140897 0.1421381858207348
0.3358962523970745 0.19864091128056632 0.14216949935175233
0.3359147027571534 0.19875952571336558 0.1422006720768443
0.3359330702425053 0.19887760636304705 0.14223170462887408
0.33595135522466135 0.19899515563198647 0.14226259763786372
0.33596955807349316 0.19911217591174382 0.1422933517310043
0.3359876791572216 0.1992286695831135 0.14232396753267088
0.33600571884242314 0.19934463901617105 0.1423544456644327
0.33602367749403733 0.1994600865703215 0.14238478674506821
0.3360415554753765 0.19957501459435092 0.14241499139057562
0.3360593531481277 0.19968942542646864 0.14244506021418651
0.33607707087236305 0.1998033213943578 0.14247499382637885
0.3360947090065494 0.1999167048152253 0.14250479283488643
0.33611226790754944 0.2000295779958443 0.1425344578447154
0.3361297479306339 0.20014194323260376 0.14256398945815374
0.33614714942948637 0.20025380281155492 0.14259338827478318
0.3361644727562098 0.2003651590084579 0.14262265489149353
0.33618171826133675 0.20047601408882773 0.1426517899024914
0.3361988862938308 0.2005863703079803 0.14268079389931748
0.33621597720110064 0.20069622991108 0.14270966747085256
0.33623299132899936 0.2008055951331828 0.14273841120333347
0.3362499290218365 0.20091446819928335 0.14276702568036384
0.3362667906223836 0.20102285132436062 0.14279551148292619
0.33628357647188056 0.2011307467134217 0.1428238691893915
0.3363002869100435 0.201238156561548 0.14285209937553478
0.33631692227506804 0.20134508305393856 0.14288020261454432
0.33633348290364284 0.20145152836595762 0.1429081794770318
0.3363499691309478 0.2015574946631742 0.14293603053104864
0.3363663812906684 0.20166298410141023 0.14296375634209235
0.33638271971499806 0.20176799882678353 0.14299135747312086
0.3363989847346448 0.2018725409757497 0.143018834484564
0.3364151766788391 0.2019766126751472 0.14304618793433327
0.3364312958753409 0.20208021604224038 0.1430734183778344
0.336447342650444 0.2021833531847631 0.14310052636797838
0.3364633173289837 0.20228602620096042 0.14312751245519242
0.3364792202343462 0.2023882371796333 0.14315437718743068
0.33649505168846955 0.20248998820017883 0.14318112111018624
0.3365108120118526 0.20259128133263368 0.14320774476650217
0.3365265015235632 0.20269211863771716 0.14323424869698148
0.33654212054124255 0.20279250216687197 0.1432606334397981
0.33655766938111004 0.20289243396230502 0.14328689953071058
0.3365731483579742 0.2029919160570323 0.14331304750306884
0.3365885577852348 0.20309095047491696 0.14333907788782796
0.33660389797489054 0.20318953923071262 0.14336499121355667
0.33661916923754504 0.2032876843301034 0.14339078800645003
0.3366343718824128 0.20338538776974438 0.14341646879033965
0.3366495062173265 0.20348265153730438 0.14344203408670358
0.33666457254874205 0.20357947761150297 0.14346748441467722
0.3366795711817452 0.2036758679621544 0.14349282029106405
0.33669450242005733 0.20377182455020476 0.14351804223034614
0.3367093665660422 0.20386734932777478 0.14354315074469293
0.3367241639207107 0.20396244423819665 0.1435681463439749
0.3367388947837273 0.20405711121605563 0.14359302953577108
0.33675355945341634 0.204151352187228 0.1436178008253814
0.33676815822676975 0.20424516906892226 0.14364246071583306
0.3367826913994492 0.20433856376971687 0.1436670097078968
0.3367971592657944 0.2044315381895978 0.14369144830009115
0.33681156211882907 0.20452409421999984 0.1437157769886965
0.3368259002502655 0.20461623374384397 0.14373999626776354
0.33684017395051097 0.20470795863557373 0.14376410662912334
0.33685438350867636 0.20479927076119903 0.14378810856239677
0.33686852921257515 0.20489017197832718 0.14381200255500637
0.3368826113487365 0.2049806641362052 0.1438357890921839
0.33689663020240607 0.20507074907575618 0.14385946865698163
0.33691058605755414 0.20516042862961636 0.14388304173028174
0.33692447919688046 0.2052497046221732 0.14390650879080596
0.33693830990181955 0.20533857886960277 0.1439298703151252
0.3369520784525476 0.20542705317990545 0.14395312677766953
0.33696578512798614 0.20551512935294344 0.14397627865073764
0.3369794302058088 0.2056028091804779 0.14399932640450663
0.33699301396244874 0.2056900944462052 0.14402227050703995
0.33700653667309904 0.2057769869257916 0.1440451114243002
0.33701999861172505 0.20586348838691315 0.14406784962015448
0.3370334000510628 0.20594960058928755 0.14409048555638784
0.3370467412626296 0.20603532528471263 0.1441130196927093
0.3370600225167264 0.2061206642171003 0.14413545248676374
0.3370732440824463 0.20620561912251315 0.1441577843941385
0.3370864062276769 0.2062901917292005 0.1441800158683753
0.33709950921910703 0.20637438375763256 0.14420214736097692
0.33711255332223267 0.206458196920535 0.14422417932141934
0.3371255388013606 0.20654163292292402 0.14424611219715802
0.33713846591961344 0.2066246934621418 0.1442679464336386
0.33715133493893984 0.206707380227891 0.1442896824743044
0.3371641461201119 0.2067896949022689 0.14431132076060793
0.3371768997227367 0.20687163915980109 0.1443328617320172
0.3371895960052593 0.2069532146674761 0.14435430582602615
0.3372022352249664 0.20703442308477935 0.14437565347816358
0.33721481763799366 0.20711526606372782 0.1443969051220007
0.3372273434993316 0.2071957452489016 0.1444180611891603
0.33723981306282674 0.20727586227747852 0.1444391221093273
0.3372522265811906 0.20735561877926867 0.14446008831025522
0.3372645843060029 0.20743501637674516 0.14448096021777623
0.337276886487717 0.20751405668507883 0.14450173825580837
0.33728913337566563 0.20759274131217068 0.14452242284636577
0.33730132521806366 0.2076710718586849 0.14454301440956618
0.3373134622620153 0.20774904991808052 0.14456351336363993
0.33732554475351983 0.2078266770766451 0.14458392012493743
0.3373375729374728 0.20790395491352637 0.1446042351079393
0.33734954705767406 0.2079808850007636 0.14462445872526433
0.33736146735683226 0.20805746890332158 0.1446445913876751
0.3373733340765678 0.2081337081791208 0.14466463350409153
0.33738514745742143 0.20820960437907016 0.14468458548159363
0.3373969077388544 0.20828515904709705 0.144704447725434
0.33740861515925646 0.20836037372018065 0.14472422063904375
0.3374202699559498 0.20843524992838197 0.1447439046240412
0.33743187236519334 0.20850978919487534 0.14476350008024075
0.33744342262218924 0.20858399303598063 0.144783007405659
0.33745492096108454 0.20865786296119143 0.1448024269965256
0.33746636761497795 0.20873140047320754 0.14482175924728946
0.33747776281592523 0.20880460706796639 0.1448410045506264
0.33748910679494165 0.20887748423467145 0.14486016329744866
0.33750039978200796 0.208950033455824 0.14487923587691143
0.3375116420060745 0.2090222562072525 0.14489822267642175
0.3375228336950671 0.20909415395814307 0.14491712408164548
0.3375339750758897 0.2091657281710702 0.14493594047651595
0.33754506637443016 0.20923698030202414 0.144954672243241
0.33755610781556405 0.20930791180044203 0.1449733197623115
0.33756709962316006 0.20937852410923935 0.1449918834125078
0.3375780420200839 0.20944881866483533 0.14501036357090874
0.33758893522820177 0.20951879689718422 0.14502876061289924
0.33759977946838826 0.20958846022980618 0.1450470749121763
0.3376105749605265 0.20965781007981288 0.14506530684075863
0.3376213219235139 0.20972684785793735 0.1450834567689936
0.3376320205752698 0.20979557496856566 0.14510152506556281
0.3376426711327344 0.20986399280976029 0.14511951209749283
0.337653273811878 0.2099321027732935 0.14513741823016005
0.3376638288277011 0.2099999062446728 0.1451552438272994
0.3376743363942435 0.21006740460316972 0.1451729892510109
0.3376847967245836 0.21013459922184818 0.1451906548617678
0.3376952100308456 0.21020149146759232 0.1452082410184242
0.3377055765242043 0.2102680827011344 0.14522574807821972
0.3377158964148867 0.21033437427708257 0.14524317639679066
0.33772616991217863 0.21040036754394825 0.1452605263281741
0.3377363972244279 0.2104660638441731 0.14527779822481635
0.33774657855904777 0.21053146451415694 0.1452949924375806
0.337756714122524 0.21059657088428596 0.14531210931575184
0.3377668041204148 0.21066138427895736 0.14532914920704737
0.33777684875735925 0.21072590601660873 0.1453461124576201
0.33778684823707716 0.2107901374097429 0.14536299941206882
0.33779680276237645 0.21085407976495613 0.14537981041344297
0.33780671253515615 0.21091773438296424 0.1453965458032509
0.3378165777564095 0.2109811025586281 0.14541320592146612
0.3378263986262303 0.21104418558098234 0.14542979110653353
0.3378361753438145 0.21110698473325865 0.14544630169537842
0.3378459081074657 0.2111695012929142 0.1454627380234108
0.3378555971145976 0.21123173653165675 0.1454791004245347
0.3378652425617405 0.21129369171547016 0.14549538923115243
0.337874844644543 0.21135536810464128 0.14551160477417258
0.33788440355777627 0.21141676695378364 0.1455277473830175
0.3378939194953394 0.2114778895118659 0.1455438173856284
0.3379033926502608 0.21153873702223447 0.14555981510847335
0.33791282321470595 0.21159931072264024 0.14557574087655217
0.33792221137997613 0.21165961184526358 0.145591595013405
0.33793155733651625 0.21171964161673867 0.14560737784111838
0.33794086127391854 0.21177940125818076 0.14562308968032991
0.3379501233809238 0.2118388919852078 0.1456387308502375
0.33795934384542664 0.21189811500796732 0.1456543016686041
0.3379685228544801 0.21195707153116064 0.1456698024517646
0.33797766059429796 0.21201576275406653 0.14568523351463272
0.3379867572502595 0.21207418987056728 0.14570059517070602
0.3379958130069131 0.212132354069172 0.14571588773207308
0.3380048280479783 0.21219025653303997 0.14573111150942175
0.3380138025563531 0.21224789844000666 0.14574626681204111
0.3380227367141132 0.2123052809626059 0.14576135394783193
0.3380316307025194 0.21236240526809452 0.14577637322331036
0.3380404847020197 0.21241927251847673 0.14579132494361527
0.33804929889225144 0.21247588387052635 0.14580620941251446
0.3380580734520487 0.2125322404758115 0.14582102693241
0.33806680855944166 0.21258834348071776 0.14583577780434515
0.3380755043916625 0.21264419402647083 0.14585046232801033
0.3380841611251501 0.21269979324916122 0.14586508080174868
0.33809277893555095 0.21275514227976602 0.14587963352256256
0.33810135799772356 0.21281024224417178 0.14589412078611963
0.3381098984857431 0.21286509426319877 0.1459085428867586
0.33811840057290365 0.21291969945262282 0.1459229001174956
0.3381268644317221 0.2129740589231986 0.14593719277002942
0.3381352902339416 0.21302817378068067 0.1459514211347484
0.33814367815053586 0.2130820451258485 0.1459655855007346
0.33815202835171077 0.21313567405452716 0.14597968615577214
0.33816034100690917 0.21318906165760926 0.14599372338635105
0.33816861628481387 0.21324220902107854 0.14600769747767348
0.33817685435335143 0.21329511722603137 0.14602160871366046
0.3381850553796949 0.21334778734869883 0.14603545737695628
0.3381932195302669 0.21340022046046755 0.14604924374893563
0.33820134697074566 0.21345241762790373 0.14606296810970745
0.33820943786606433 0.21350437991277266 0.14607663073812235
0.33821749238041676 0.21355610837206135 0.14609023191177775
0.3382255106772609 0.21360760405800053 0.14610377190702298
0.3382334929193201 0.21365886801808398 0.14611725099896614
0.33824143926858935 0.21370990129509304 0.1461306694614775
0.3382493498863364 0.21376070492711544 0.14614402756719708
0.33825722493310506 0.2138112799475665 0.14615732558754002
0.33826506456872013 0.213861627385212 0.14617056379270005
0.3382728689522872 0.21391174826418605 0.14618374245165855
0.3382806382422015 0.21396164360401568 0.14619686183218544
0.3382883725961446 0.21401131441963817 0.14620992220084916
0.3382960721710922 0.21406076172142421 0.14622292382301888
0.3383037371233155 0.2141099865151964 0.1462358669628715
0.33831136760838443 0.2141589898022518 0.1462487518833966
0.3383189637811712 0.2142077725793805 0.1462615788464006
0.33832652579585343 0.21425633583888715 0.1462743481125146
0.3383340538059165 0.21430468056860985 0.14628705994119728
0.33834154796415683 0.21435280775194218 0.14629971459074165
0.3383490084226869 0.21440071836785124 0.146312312318279
0.3383564353329346 0.21444841339089876 0.14632485337978599
0.33836382884565025 0.2144958937912606 0.14633733803008708
0.3383711891109074 0.21454316053474623 0.14634976652286247
0.3383785162781046 0.2145902145828188 0.14636213911065252
0.33838581049597266 0.21463705689261484 0.14637445604486093
0.3383930719125729 0.21468368841696278 0.14638671757576244
0.3384003006753034 0.2147301101044038 0.14639892395250653
0.3384074969309003 0.2147763228992093 0.14641107542312284
0.3384146608254418 0.21482232774140236 0.14642317223452608
0.33842179250435034 0.21486812556677437 0.14643521463252082
0.3384288921123957 0.2149137173069062 0.1464472028618076
0.3384359597936982 0.21495910388918618 0.14645913716598566
0.3384429956917315 0.21500428623682868 0.1464710177875602
0.33844999994932545 0.21504926526889384 0.14648284496794586
0.33845697270866837 0.21509404190030557 0.1464946189474728
0.33846391411131105 0.21513861704186998 0.14650633996539006
0.33847082429816894 0.21518299160029436 0.14651800825987216
0.3384777034095257 0.2152271664782062 0.14652962406802145
0.3384845515850343 0.21527114257417027 0.1465411876258761
0.338491368963722 0.21531492078270764 0.14655269916841226
0.33849815568399083 0.21535850199431347 0.14656415892955038
0.3385049118836234 0.21540188709547642 0.1465755671421588
0.3385116376997824 0.21544507696869417 0.1465869240380598
0.338518333269016 0.21548807249249424 0.14659822984803278
0.3385249987272589 0.2155308745414502 0.1466094848018202
0.3385316342098361 0.2155734839861994 0.14662068912813192
0.3385382398514649 0.21561590169346118 0.1466318430546491
0.3385448157862578 0.2156581285260547 0.14664294680803028
0.33855136214772585 0.21570016534291553 0.14665400061391434
0.3385578790687811 0.2157420129991152 0.1466650046969258
0.33856436668173845 0.2157836723458756 0.14667595928067972
0.33857082511831893 0.21582514423058888 0.14668686458778635
0.3385772545096524 0.21586642949683327 0.14669772083985444
0.33858365498628035 0.21590752898439075 0.14670852825749708
0.33859002667815774 0.2159484435292638 0.1467192870603351
0.3385963697146574 0.21598917396369335 0.14672999746700266
0.33860268422456974 0.2160297211161747 0.14674065969515068
0.3386089703361088 0.2160700858114746 0.14675127396145154
0.33861522817691125 0.21611026887064794 0.14676184048160434
0.33862145787404296 0.21615027111105528 0.14677235947033718
0.33862765955399776 0.21619009334637862 0.14678283114141405
0.33863383334270225 0.21622973638663798 0.14679325570763735
0.3386399793655169 0.21626920103820768 0.14680363338085348
0.33864609774724164 0.21630848810383435 0.1468139643719553
0.3386521886121136 0.21634759838265133 0.1468242488908887
0.33865825208381334 0.2163865326701953 0.14683448714665537
0.33866428828546635 0.21642529175842382 0.1468446793473171
0.3386702973396452 0.21646387643573012 0.1468548257000009
0.3386762793683722 0.2165022874869589 0.14686492641090199
0.33868223449312107 0.21654052569342352 0.14687498168528942
0.3386881628348216 0.21657859183292114 0.14688499172750885
0.33869406451385964 0.21661648667974862 0.14689495674098713
0.33869993965008094 0.21665421100471804 0.14690487692823725
0.3387057883627932 0.21669176557517303 0.14691475249086103
0.3387116107707682 0.2167291511550039 0.1469245836295543
0.3387174069922445 0.2167663685046632 0.14693437054411093
0.33872317714493017 0.21680341838118153 0.146944113433426
0.33872892134600485 0.2168403015381825 0.14695381249550069
0.33873463971212137 0.21687701872589868 0.1469634679274459
0.3387403323594091 0.21691357069118533 0.14697307992548686
0.33874599940347633 0.2169499581775381 0.14698264868496602
0.3387516409594119 0.21698618192510624 0.14699217440034765
0.3387572571417882 0.2170222426707077 0.14700165726522202
0.3387628480646629 0.21705814114784536 0.14701109747230917
0.3387684138415818 0.21709387808672054 0.14702049521346217
0.3387739545855806 0.21712945421424926 0.1470298506796722
0.33877947040918743 0.2171648702540755 0.14703916406107123
0.33878496142442543 0.21720012692658738 0.14704843554693675
0.33879042774281415 0.2172352249489303 0.14705766532569547
0.3387958694753737 0.21727016503502372 0.14706685358492608
0.3388012867326237 0.21730494789557334 0.14707600051136507
0.3388066796245893 0.21733957423808659 0.14708510629090826
0.3388120482608007 0.2173740447668875 0.14709417110861667
0.3388173927502961 0.21740836018312976 0.1471031951487191
0.3388227132016238 0.21744252118481255 0.14711217859461578
0.33882800972284605 0.21747652846679386 0.14712112162888205
0.3388332824215388 0.2175103827208043 0.14713002443327314
0.338838531404795 0.2175440846354618 0.1471388871887268
0.33884375677922646 0.21757763489628504 0.1471477100753672
0.33884895865096626 0.21761103418570837 0.1471564932725091
0.33885413712567186 0.21764428318309512 0.14716523695866007
0.3388592923085248 0.21767738256475078 0.14717394131152622
0.3388644243042353 0.2177103330039377 0.14718260650801407
0.3388695332170427 0.21774313517088828 0.14719123272423482
0.33887461915071865 0.2177757897328194 0.14719982013550784
0.33887968220856785 0.21780829735394444 0.1472083689163647
0.33888472249343216 0.21784065869548844 0.1472168792405519
0.33888974010769146 0.2178728744157007 0.14722535128103417
0.33889473515326474 0.21790494516986783 0.14723378520999997
0.33889970773161476 0.21793687161032846 0.14724218119886207
0.3389046579437474 0.21796865438648477 0.14725053941826372
0.3389095858902156 0.21800029414481675 0.14725886003808
0.3389144916711197 0.21803179152889574 0.14726714322742335
0.338919375386112 0.21806314717939632 0.14727538915464444
0.3389242371343962 0.21809436173411004 0.1472835979873379
0.33892907701473 0.21812543582795815 0.1472917698923449
0.3389338951254282 0.21815637009300537 0.14729990503575638
0.33893869156436474 0.21818716515847147 0.14730800358291546
0.3389434664289725 0.21821782165074474 0.14731606569842326
0.33894821981624784 0.21824834019339512 0.14732409154614007
0.3389529518227504 0.2182787214071854 0.14733208128918965
0.33895766254460724 0.2183089659100859 0.14734003508996235
0.3389623520775119 0.21833907431728528 0.14734795311011836
0.338967020516731 0.21836904724120465 0.14735583551059037
0.3389716679571003 0.21839888529150803 0.1473636824515884
0.33897629449303124 0.21842858907511706 0.1473714940926017
0.3389809002185107 0.2184581591962211 0.14737927059240225
0.33898548522710326 0.21848759625629166 0.14738701210904814
0.338990049611953 0.21851690085409242 0.14739471879988766
0.3389945934657864 0.21854607358569364 0.14740239082156037
0.33899911688091355 0.21857511504448257 0.14741002833000166
0.33900361994922795 0.2186040258211763 0.14741763148044668
0.33900810276221255 0.21863280650383385 0.14742520042743185
0.33901256541093827 0.21866145767786757 0.1474327353247987
0.33901700798606693 0.21868997992605582 0.14744023632569747
0.3390214305778532 0.2187183738285542 0.1474477035825893
0.3390258332761461 0.21874663996290725 0.14745513724725026
0.3390302161703916 0.21877477890406105 0.1474625374707738
0.33903457934963344 0.21880279122437415 0.1474699044035738
0.3390389229025156 0.21883067749362958 0.14747723819538752
0.33904324691728327 0.21885843827904597 0.14748453899527986
0.33904755148178534 0.21888607414528952 0.14749180695164477
0.33905183668347694 0.21891358565448577 0.14749904221220883
0.3390561026094189 0.21894097336623003 0.14750624492403488
0.33906034934628254 0.21896823783760047 0.14751341523352374
0.33906457698034775 0.21899537962316695 0.14752055328641936
0.3390687855975092 0.21902239927500486 0.1475276592278084
0.3390729752832734 0.2190492973427044 0.14753473320212676
0.33907714612276457 0.2190760743733836 0.14754177535315968
0.3390812982007232 0.2191027309116973 0.14754878582404685
0.3390854316015096 0.21912926749985007 0.14755576475728352
0.3390895464091049 0.21915568467760618 0.14756271229472478
0.339093642707113 0.21918198298230132 0.14756962857758757
0.3390977205787623 0.2192081629488528 0.14757651374645378
0.33910178010690717 0.21923422510977097 0.14758336794127325
0.3391058213740295 0.2192601699951695 0.14759019130136658
0.33910984446224113 0.21928599813277694 0.1475969839654278
0.33911384945328427 0.21931171004794695 0.14760374607152715
0.33911783642853455 0.21933730626366918 0.14761047775711428
0.33912180546900156 0.21936278730057954 0.14761717915902037
0.3391257566553311 0.21938815367697112 0.14762385041346165
0.33912969006780597 0.21941340590880468 0.14763049165604208
0.33913360578634916 0.21943854450971925 0.1476371030217552
0.3391375038905244 0.2194635699910424 0.14764368464498784
0.33914138445953745 0.21948848286180064 0.14765023665952265
0.3391452475722385 0.21951328362872996 0.14765675919854038
0.3391490933071238 0.21953797279628584 0.1476632523946229
0.3391529217423355 0.21956255086665394 0.14766971637975654
0.33915673295566656 0.21958701833976005 0.14767615128533293
0.3391605270245586 0.21961137571327988 0.14768255724215454
0.33916430402610687 0.21963562348265003 0.14768893438043365
0.33916806403705907 0.2196597621410776 0.1476952828297985
0.3391718071338184 0.21968379217955028 0.14770160271929378
0.33917553339244483 0.2197077140868457 0.14770789417738395
0.3391792428886567 0.21973152834954293 0.1477141573319558
0.3391829356978313 0.21975523545203032 0.14772039231032139
0.3391866118950082 0.21977883587651753 0.1477265992392197
0.3391902715548891 0.21980233010304367 0.14773277824482003
0.33919391475184035 0.21982571860948794 0.1477389294527245
0.33919754155989407 0.21984900187157877 0.1477450529879699
0.33920115205274964 0.2198721803629041 0.14775114897503133
0.3392047463037754 0.21989525455492032 0.14775721753782367
0.3392083243860098 0.219918224916963 0.14776325879970473
0.3392118863721629 0.2199410919162549 0.147769272883478
0.33921543233461865 0.21996385601791665 0.14777525991139373
0.33921896234543514 0.219986517684976 0.1477812200051536
0.339222476476347 0.22000907737837658 0.14778715328591097
0.3392259747987662 0.2200315355569883 0.14779305987427488
0.3392294573837836 0.22005389267761583 0.14779893989031215
0.3392329243021713 0.2200761491950084 0.14780479345354935
0.33923637562438275 0.22009830556186852 0.14781062068297562
0.3392398114205551 0.22012036222886183 0.14781642169704498
0.3392432317605102 0.22014231964462622 0.14782219661367857
0.33924663671375566 0.22016417825578005 0.1478279455502678
0.33925002634948753 0.2201859385069325 0.14783366862367578
0.33925340073659077 0.2202076008406918 0.14783936595023983
0.3392567599436401 0.2202291656976744 0.14784503764577436
0.3392601040389026 0.22025063351651403 0.1478506838255732
0.33926343309033813 0.22027200473387018 0.14785630460441154
0.33926674716560146 0.22029327978443813 0.14786190009654826
0.33927004633204366 0.22031445910095693 0.14786747041572798
0.33927333065671206 0.22033554311421746 0.14787301567518493
0.33927660020635375 0.22035653225307297 0.14787853598764303
0.33927985504741526 0.22037742694444654 0.14788403146531987
0.33928309524604433 0.22039822761333985 0.14788950221992814
0.33928632086809196 0.22041893468284268 0.14789494836267825
0.3392895319791126 0.22043954857414008 0.14790037000428055
0.3392927286443664 0.2204600697065226 0.1479057672549473
0.33929591092882055 0.22048049849739362 0.14791114022439503
0.33929907889714933 0.2205008353622782 0.1479164890218472
0.33930223261373715 0.22052108071483137 0.14792181375603608
0.3393053721426788 0.22054123496684733 0.14792711453520435
0.3393084975477807 0.2205612985282665 0.14793239146710868
0.33931160889256284 0.22058127180718495 0.14793764465902065
0.3393147062402596 0.2206011552098623 0.14794287421772956
0.33931778965382126 0.22062094914072994 0.1479480802495442
0.3393208591959147 0.22064065400239963 0.1479532628602957
0.3393239149289261 0.22066027019567103 0.147958422155339
0.33932695691496007 0.22067979811954005 0.14796355823955518
0.339329985215843 0.22069923817120793 0.14796867121735352
0.33933299989312266 0.2207185907460874 0.14797376119267439
0.33933600100807043 0.22073785623781267 0.14797882826899
0.339338988621683 0.22075703503824667 0.14798387254930723
0.33934196279468143 0.2207761275374882 0.14798889413617042
0.3393449235875155 0.2207951341238815 0.14799389313166184
0.33934787106036185 0.22081405518402247 0.1479988696374054
0.33935080527312755 0.2208328911027681 0.14800382375456733
0.3393537262854496 0.2208516422632428 0.14800875558385954
0.33935663415669837 0.220870309046848 0.14801366522554024
0.33935952894597526 0.2208888918332674 0.14801855277941767
0.33936241071211803 0.22090739100047746 0.14802341834485006
0.33936527951369866 0.22092580692475283 0.14802826202074998
0.3393681354090261 0.22094413998067544 0.14803308390558434
0.33937097845614816 0.22096239054114153 0.14803788409737723
0.3393738087128503 0.22098055897736948 0.14804266269371238
0.3393766262366589 0.22099864565890662 0.14804741979173433
0.3393794310848418 0.221016650953638 0.14805215548815062
0.33938222331440926 0.22103457522779263 0.14805686987923405
0.3393850029821152 0.22105241884595203 0.1480615630608246
0.33938777014445864 0.22107018217105698 0.14806623512833075
0.33939052485768506 0.22108786556441468 0.14807088617673198
0.33939326717778595 0.22110546938570708 0.148075516300581
0.3393959971605019 0.22112299399299704 0.14808012559400469
0.33939871486132284 0.22114043974273662 0.14808471415070726
0.3394014203354891 0.2211578069897735 0.14808928206397115
0.3394041136379925 0.2211750960873582 0.14809382942665936
0.3394067948235783 0.22119230738715256 0.14809835633121668
0.3394094639467451 0.22120944123923555 0.1481028628696729
0.3394121210617468 0.2212264979921108 0.1481073491336435
0.3394147662225932 0.22124347799271357 0.14811181521433203
0.339417399483051 0.22126038158641764 0.14811626120253216
0.33942002089664647 0.22127720911704377 0.1481206871886281
0.33942263051666344 0.22129396092686415 0.14812509326259912
0.33942522839614747 0.22131063735661155 0.14812947951401867
0.3394278145879056 0.22132723874548577 0.1481338460320574
0.33943038914450663 0.22134376543115922 0.14813819290548563
0.339432952118284 0.2213602177497854 0.14814252022267382
0.3394355035613354 0.2213765960360056 0.148146828071595
0.3394380435255243 0.22139290062295436 0.1481511165398268
0.3394405720624813 0.22140913184226782 0.1481553857145528
0.33944308922360394 0.22142529002408895 0.14815963568256468
0.33944559506006033 0.2214413754970763 0.14816386653026326
0.33944808962278733 0.22145738858840866 0.14816807834366122
0.3394505729624927 0.22147332962379232 0.14817227120838444
0.33945304512965685 0.22148919892746846 0.14817644520967316
0.33945550617453324 0.22150499682221922 0.14818060043238476
0.3394579561471493 0.2215207236293742 0.14818473696099455
0.33946039509730697 0.2215363796688164 0.14818885487959854
0.3394628230745852 0.22155196525899024 0.14819295427191365
0.33946524012833945 0.22156748071690674 0.148197035221281
0.33946764630770343 0.2215829263581505 0.14820109781066612
0.3394700416615897 0.2215983024968857 0.1482051421226625
0.3394724262386918 0.2216136094458634 0.14820916823949087
0.3394748000874828 0.22162884751642659 0.14821317624300312
0.3394771632562197 0.22164401701851807 0.14821716621468256
0.339479515792941 0.2216591182606851 0.14822113823564598
0.33948185774547 0.22167415155008724 0.1482250923866455
0.3394841891614151 0.22168911719250123 0.14822902874806984
0.33948651008816977 0.2217040154923281 0.14823294739994664
0.3394888205729153 0.22171884675259915 0.14823684842194307
0.33949112066262077 0.2217336112749822 0.148240731893368
0.3394934104040434 0.2217483093597871 0.14824459789317404
0.3394956898437311 0.22176294130597293 0.14824844649995786
0.3394979590280216 0.22177750741115307 0.1482522777919638
0.33950021800304503 0.2217920079716016 0.14825609184708327
0.3395024668147236 0.22180644328226 0.14825988874285767
0.3395047055087735 0.2218208136367418 0.14826366855647952
0.33950693413070515 0.2218351193273396 0.14826743136479453
0.3395091527258239 0.2218493606450309 0.1482711772443027
0.33951136133923215 0.22186353787948349 0.14827490627115938
0.33951356001582905 0.22187765131906192 0.14827861852117788
0.33951574880031216 0.2218917012508331 0.1482823140698304
0.3395179277371778 0.22190568796057208 0.14828599299224976
0.3395200968707223 0.22191961173276778 0.14828965536323083
0.3395222562450431 0.2219334728506296 0.14829330125723172
0.339524405904039 0.22194727159609173 0.14829693074837622
0.3395265458914115 0.22196100824982 0.14830054391045422
0.3395286762506658 0.22197468309121743 0.14830414081692397
0.339530797025111 0.22198829639842974 0.14830772154091335
0.3395329082578618 0.22200184844835053 0.14831128615522132
0.3395350099918396 0.22201533951662805 0.14831483473231893
0.33953710226977146 0.2220287698776696 0.148318367344352
0.3395391851341935 0.22204213980464835 0.14832188406314134
0.3395412586274504 0.22205544956950768 0.14832538496018494
0.3395433227916961 0.2220686994429674 0.14832887010665868
0.3395453776688949 0.22208188969452894 0.14833233957341938
0.3395474233008227 0.22209502059248137 0.14833579343100411
0.33954945972906747 0.222108092403906 0.14833923174963343
0.3395514869950303 0.22212110539468288 0.14834265459921117
0.3395535051399259 0.22213405982949533 0.14834606204932774
0.33955551420478397 0.2221469559718355 0.14834945416925954
0.3395575142304491 0.22215979408400996 0.14835283102797248
0.3395595052575831 0.22217257442714497 0.1483561926941212
0.33956148732666414 0.22218529726119185 0.1483595392360522
0.33956346047798885 0.2221979628449317 0.1483628707218043
0.33956542475167245 0.22221057143598186 0.14836618721911027
0.33956738018765004 0.22222312329079993 0.1483694887953983
0.33956932682567664 0.22223561866468933 0.14837277551779335
0.339571264705329 0.22224805781180507 0.1483760474531184
0.3395731938660056 0.22226044098515857 0.14837930466789567
0.3395751143469282 0.222272768436622 0.14838254722834843
0.3395770261871411 0.22228504041693478 0.14838577520040222
0.3395789294255147 0.222297257175708 0.14838898864968536
0.33958082410074325 0.222309418961429 0.14839218764153167
0.33958271025134734 0.2223215260214678 0.1483953722409808
0.3395845879156748 0.22233357860208044 0.14839854251277973
0.3395864571319005 0.22234557694841547 0.14840169852138457
0.339588317938028 0.22235752130451805 0.1484048403309611
0.3395901703718892 0.22236941191333476 0.14840796800538686
0.3395920144711469 0.22238124901671982 0.14841108160825195
0.3395938502732943 0.22239303285543846 0.14841418120285987
0.33959567781565525 0.2224047636691726 0.14841726685223045
0.3395974971353865 0.22241644169652575 0.14842033861909934
0.33959930826947765 0.22242806717502772 0.1484233965659198
0.33960111125475173 0.22243964034113942 0.14842644075486494
0.3396029061278663 0.22245116143025753 0.14842947124782743
0.33960469292531387 0.22246263067672 0.14843248810642215
0.33960647168342356 0.22247404831380999 0.1484354913919862
0.33960824243835985 0.22248541457376056 0.14843848116558164
0.3396100052261257 0.2224967296877604 0.14844145748799484
0.3396117600825617 0.22250799388595713 0.14844442041973968
0.33961350704334753 0.2225192073974635 0.14844737002105712
0.33961524614400224 0.22253037045036092 0.14845030635191753
0.33961697741988467 0.2225414832717042 0.14845322947202172
0.33961870090619545 0.22255254608752698 0.14845613944080144
0.3396204166379766 0.22256355912284534 0.14845903631742133
0.3396221246501126 0.22257452260166297 0.14846192016077997
0.33962382497733057 0.22258543674697573 0.14846479102951124
0.33962551765420224 0.22259630178077558 0.1484676489819846
0.33962720271514346 0.22260711792405616 0.14847049407630739
0.33962888019441534 0.22261788539681604 0.14847332637032581
0.33963055012612475 0.22262860441806437 0.14847614592162534
0.33963221254422565 0.22263927520582438 0.1484789527875328
0.33963386748251867 0.22264989797713863 0.14848174702511696
0.33963551497465316 0.2226604729480724 0.14848452869118983
0.3396371550541261 0.22267100033371923 0.1484872978423083
0.33963878775428513 0.2226814803482047 0.14849005453477404
0.3396404131083267 0.22269191320469064 0.1484927988246364
0.33964203114929914 0.22270229911537986 0.14849553076769184
0.33964364191010105 0.22271263829152022 0.14849825041948628
0.3396452454234834 0.22272293094340884 0.14850095783531592
0.3396468417220508 0.222733177280397 0.14850365307022734
0.3396484308382597 0.22274337751089338 0.14850633617902084
0.3396500128044221 0.22275353184236923 0.14850900721624885
0.339651587652703 0.22276364048136182 0.1485116662362195
0.3396531554151243 0.22277370363347948 0.14851431329299605
0.33965471612356307 0.22278372150340497 0.1485169484403988
0.3396562698097531 0.22279369429490029 0.14851957173200572
0.339657816505286 0.22280362221081035 0.14852218322115404
0.33965935624161014 0.2228135054530672 0.14852478296094093
0.3396608890500338 0.22282334422269462 0.14852737100422458
0.33966241496172356 0.2228331387198111 0.14852994740362563
0.3396639340077062 0.2228428891436357 0.148532512211528
0.33966544621886896 0.22285259569248989 0.14853506548007978
0.33966695162596 0.2228622585638034 0.14853760726119467
0.339668450259589 0.2228718779541173 0.14854013760655288
0.3396699421502284 0.22288145405908838 0.14854265656760213
0.3396714273282137 0.22289098707349309 0.14854516419555824
0.3396729058237432 0.22290047719123093 0.1485476605414075
0.3396743776668801 0.2229099246053293 0.14855014565590619
0.3396758428875523 0.22291932950794724 0.1485526195895825
0.33967730151555275 0.22292869209037847 0.14855508239273726
0.3396787535805408 0.2229380125430563 0.14855753411544512
0.3396801991120423 0.2229472910555572 0.14855997480755545
0.33968163813944996 0.22295652781660416 0.14856240451869324
0.33968307069202464 0.22296572301407136 0.14856482329826043
0.3396844967988956 0.2229748768349873 0.1485672311954366
0.339685916489061 0.22298398946553907 0.14856962825918024
0.33968732979138855 0.2229930610910759 0.14857201453822977
0.33968873673461614 0.22300209189611275 0.148574390081104
0.3396901373473526 0.2230110820643347 0.14857675493610334
0.3396915316580776 0.22302003177859986 0.14857910915131148
0.3396929196951434 0.22302894122094385 0.1485814527745955
0.3396943014867742 0.22303781057258296 0.1485837858536071
0.3396956770610673 0.2230466400139179 0.14858610843578393
0.339697046445994 0.22305542972453807 0.14858842056834987
0.33969840966939957 0.22306417988322413 0.14859072229831644
0.3396997667590036 0.22307289066795286 0.14859301367248412
0.33970111774240197 0.22308156225589973 0.14859529473744204
0.3397024626470658 0.22309019482344294 0.14859756553957065
