0.0 -0.3514517583742022 -0.17212253981666498 0.13830807899616054
0.05 -0.3514517583742022 -0.17212253981666498 0.13830807899616054
0.1 -0.3514517583742022 -0.17212253981666498 0.13830807899616054
0.15 -0.3514517583742022 -0.17212253981666498 0.13830807899616054
0.2 -0.3514517583742022 -0.17212253981666498 0.13830807899616054
0.25 -0.3514517583742022 -0.17212253981666498 0.13830807899616054
0.3 -0.3514517583742022 -0.17212253981666498 0.13830807899616054
0.35 -0.3514517583742022 -0.17212253981666498 0.13830807899616054
0.4 -0.3514517583742022 -0.17212253981666498 0.13830807899616054
0.45 -0.3514517583742022 -0.17212253981666498 0.13830807899616054
0.5 -0.3514517583742022 -0.17212253981666498 0.13830807899616054
0.55 -0.3514517583742022 -0.17212253981666498 0.13830807899616054
0.6 -0.3514517583742022 -0.17212253981666498 0.13830807899616054
0.65 -0.3514517583742022 -0.17212253981666498 0.13830807899616054
0.7 -0.3514517583742022 -0.17212253981666498 0.13830807899616054
0.75 -0.3514517583742022 -0.17212253981666498 0.13830807899616054
0.8 -0.3514517583742022 -0.17212253981666498 0.13830807899616054
0.85 -0.3514517583742022 -0.17212253981666498 0.13830807899616054
0.9 -0.3514517583742022 -0.17212253981666498 0.13830807899616054
0.95 -0.3514517583742022 -0.17212253981666498 0.13830807899616054
1.0 -0.3514517583742022 -0.17212253981666498 0.13830807899616054
1.05 -0.3514517583742022 -0.17212253981666498 0.13830807899616054
1.1 -0.3514517583742022 -0.17212253981666498 0.13830807899616054
1.15 -0.3514517583742022 -0.17212253981666498 0.13830807899616054
1.2 -0.3514517583742022 -0.17212253981666498 0.13830807899616054
1.25 -0.3514517583742022 -0.17212253981666498 0.13830807899616054
1.3 -0.3514517583742022 -0.17212253981666498 0.13830807899616054
1.35 -0.3514517583742022 -0.17212253981666498 0.13830807899616054
1.4 -0.3514517583742022 -0.17212253981666498 0.13830807899616054
1.45 -0.3514517583742022 -0.17212253981666498 0.13830807899616054
1.5 -0.3514517583742022 -0.17212253981666498 0.13830807899616054
1.55 -0.3514517583742022 -0.17212253981666498 0.13830807899616054
1.6 -0.3514517583742022 -0.17212253981666498 0.13830807899616054
1.65 -0.3514517583742022 -0.17212253981666498 0.13830807899616054
1.7 -0.3514517583742022 -0.17212253981666498 0.13830807899616054
1.75 -0.3514517583742022 -0.17212253981666498 0.13830807899616054
1.8 -0.3514517583742022 -0.17212253981666498 0.13830807899616054
1.85 -0.3514517583742022 -0.17212253981666498 0.13830807899616054
1.9 -0.3514517583742022 -0.17212253981666498 0.13830807899616054
1.95 -0.3514517583742022 -0.17212253981666498 0.13830807899616054
2.0 -0.3514517583742022 -0.17212253981666498 0.13830807899616054
2.05 -0.3514517583742022 -0.17212253981666498 0.13830807899616054
2.1 -0.3514517583742022 -0.17212253981666498 0.13830807899616054
2.15 -0.3514517583742022 -0.17212253981666498 0.13830807899616054
2.2 -0.3514517583742022 -0.17212253981666498 0.13830807899616054
2.25 -0.3514517583742022 -0.17212253981666498 0.13830807899616054
2.3 -0.3514517583742022 -0.17212253981666498 0.13830807899616054
2.35 -0.3514517583742022 -0.17212253981666498 0.13830807899616054
2.4 -0.3514517583742022 -0.17212253981666498 0.13830807899616054
2.45 -0.3514517583742022 -0.17212253981666498 0.13830807899616054
2.5 -0.3514517583742022 -0.17212253981666498 0.13830807899616054
2.55 -0.3514517583742022 -0.17212253981666498 0.13830807899616054
2.6 -0.3514517583742022 -0.17212253981666498 0.13830807899616054
2.65 -0.3514517583742022 -0.17212253981666498 0.13830807899616054
2.7 -0.3514517583742022 -0.17212253981666498 0.13830807899616054
2.75 -0.3514517583742022 -0.17212253981666498 0.13830807899616054
2.8 -0.3514517583742022 -0.17212253981666498 0.13830807899616054
2.85 -0.3514517583742022 -0.17212253981666498 0.13830807899616054
2.9 -0.3514517583742022 -0.17212253981666498 0.13830807899616054
2.95 -0.3514517583742022 -0.17212253981666498 0.13830807899616054
3.0 -0.3514517583742022 -0.17212253981666498 0.13830807899616054
3.05 -0.3514517583742022 -0.17212253981666498 0.13830807899616054
3.1 -0.3514517583742022 -0.17212253981666498 0.13830807899616054
3.15 -0.3514517583742022 -0.17212253981666498 0.13830807899616054
3.2 -0.3514517583742022 -0.17212253981666498 0.13830807899616054
3.25 -0.3514517583742022 -0.17212253981666498 0.13830807899616054
3.3 -0.3514517583742022 -0.17212253981666498 0.13830807899616054
3.35 -0.3514517583742022 -0.17212253981666498 0.13830807899616054
3.4 -0.3514517583742022 -0.17212253981666498 0.13830807899616054
3.45 -0.3514517583742022 -0.17212253981666498 0.13830807899616054
3.5 -0.3514517583742022 -0.17212253981666498 0.13830807899616054
3.55 -0.3514517583742022 -0.17212253981666498 0.13830807899616054
3.6 -0.3514517583742022 -0.17212253981666498 0.13830807899616054
3.65 -0.3514517583742022 -0.17212253981666498 0.13830807899616054
3.7 -0.3514517583742022 -0.17212253981666498 0.13830807899616054
3.75 -0.3514517583742022 -0.17212253981666498 0.13830807899616054
3.8 -0.3514517583742022 -0.17212253981666498 0.13830807899616054
3.85 -0.3514517583742022 -0.17212253981666498 0.13830807899616054
3.9 -0.3514517583742022 -0.17212253981666498 0.13830807899616054
3.95 -0.3514517583742022 -0.17212253981666498 0.13830807899616054
4.0 -0.3514517583742022 -0.17212253981666498 0.13830807899616054
4.05 -0.3514517583742022 -0.17212253981666498 0.13830807899616054
4.1 -0.3514517583742022 -0.17212253981666498 0.13830807899616054
4.15 -0.3514517583742022 -0.17212253981666498 0.13830807899616054
4.2 -0.3514517583742022 -0.17212253981666498 0.13830807899616054
4.25 -0.3514517583742022 -0.17212253981666498 0.13830807899616054
4.3 -0.3514517583742022 -0.17212253981666498 0.13830807899616054
4.35 -0.3514517583742022 -0.17212253981666498 0.13830807899616054
4.4 -0.3514517583742022 -0.17212253981666498 0.13830807899616054
4.45 -0.3514517583742022 -0.17212253981666498 0.13830807899616054
4.5 -0.3514517583742022 -0.17212253981666498 0.13830807899616054
4.55 -0.3514517583742022 -0.17212253981666498 0.13830807899616054
4.6 -0.3514517583742022 -0.17212253981666498 0.13830807899616054
4.65 -0.3514517583742022 -0.17212253981666498 0.13830807899616054
4.7 -0.3514517583742022 -0.17212253981666498 0.13830807899616054
4.75 -0.3514517583742022 -0.17212253981666498 0.13830807899616054
4.8 -0.3514517583742022 -0.17212253981666498 0.13830807899616054
4.85 -0.3514517583742022 -0.17212253981666498 0.13830807899616054
4.9 -0.3514517583742022 -0.17212253981666498 0.13830807899616054
4.95 -0.3514517583742022 -0.17212253981666498 0.13830807899616054
5.0 -0.3514517583742022 -0.17212253981666498 0.13830807899616054
5.05 -0.3514517583742022 -0.17212253981666498 0.13830807899616054
5.1 -0.3514517583742022 -0.17212253981666498 0.13830807899616054
5.15 -0.3514517583742022 -0.17212253981666498 0.13830807899616054
5.2 -0.3514517583742022 -0.17212253981666498 0.13830807899616054
5.25 -0.3514517583742022 -0.17212253981666498 0.13830807899616054
5.3 -0.3514517583742022 -0.17212253981666498 0.13830807899616054
5.35 -0.3514517583742022 -0.17212253981666498 0.13830807899616054
5.4 -0.3514517583742022 -0.17212253981666498 0.13830807899616054
5.45 -0.3514517583742022 -0.17212253981666498 0.13830807899616054
5.5 -0.3514517583742022 -0.17212253981666498 0.13830807899616054
5.55 -0.3514517583742022 -0.17212253981666498 0.13830807899616054
5.6 -0.3514517583742022 -0.17212253981666498 0.13830807899616054
5.65 -0.3514517583742022 -0.17212253981666498 0.13830807899616054
5.7 -0.3514517583742022 -0.17212253981666498 0.13830807899616054
5.75 -0.3514517583742022 -0.17212253981666498 0.13830807899616054
5.8 -0.3514517583742022 -0.17212253981666498 0.13830807899616054
5.85 -0.3514517583742022 -0.17212253981666498 0.13830807899616054
5.9 -0.3514517583742022 -0.17212253981666498 0.13830807899616054
5.95 -0.3514517583742022 -0.17212253981666498 0.13830807899616054
6.0 -0.3514517583742022 -0.17212253981666498 0.13830807899616054
6.05 -0.3514517583742022 -0.17212253981666498 0.13830807899616054
6.1 -0.3514517583742022 -0.17212253981666498 0.13830807899616054
6.15 -0.3514517583742022 -0.17212253981666498 0.13830807899616054
6.2 -0.3514517583742022 -0.17212253981666498 0.13830807899616054
6.25 -0.3514517583742022 -0.17212253981666498 0.13830807899616054
6.3 -0.3514517583742022 -0.17212253981666498 0.13830807899616054
6.35 -0.3514517583742022 -0.17212253981666498 0.13830807899616054
6.4 -0.3514517583742022 -0.17212253981666498 0.13830807899616054
6.45 -0.3514517583742022 -0.17212253981666498 0.13830807899616054
6.5 -0.3514517583742022 -0.17212253981666498 0.13830807899616054
6.55 -0.3514517583742022 -0.17212253981666498 0.13830807899616054
6.6 -0.3514517583742022 -0.17212253981666498 0.13830807899616054
6.65 -0.3514517583742022 -0.17212253981666498 0.13830807899616054
6.7 -0.3514517583742022 -0.17212253981666498 0.13830807899616054
6.75 -0.3514517583742022 -0.17212253981666498 0.13830807899616054
6.8 -0.3514517583742022 -0.17212253981666498 0.13830807899616054
6.85 -0.3514517583742022 -0.17212253981666498 0.13830807899616054
6.9 -0.3514517583742022 -0.17212253981666498 0.13830807899616054
6.95 -0.3514517583742022 -0.17212253981666498 0.13830807899616054
7.0 -0.3514517583742022 -0.17212253981666498 0.13830807899616054
7.05 -0.3514517583742022 -0.17212253981666498 0.13830807899616054
7.1 -0.3514517583742022 -0.17212253981666498 0.13830807899616054
7.15 -0.3514517583742022 -0.17212253981666498 0.13830807899616054
7.2 -0.3514517583742022 -0.17212253981666498 0.13830807899616054
7.25 -0.3514517583742022 -0.17212253981666498 0.13830807899616054
7.3 -0.3514517583742022 -0.17212253981666498 0.13830807899616054
7.35 -0.3514517583742022 -0.17212253981666498 0.13830807899616054
7.4 -0.3514517583742022 -0.17212253981666498 0.13830807899616054
7.45 -0.3514517583742022 -0.17212253981666498 0.13830807899616054
7.5 -0.3514517583742022 -0.17212253981666498 0.13830807899616054
7.55 -0.3514517583742022 -0.17212253981666498 0.13830807899616054
7.6 -0.3514517583742022 -0.17212253981666498 0.13830807899616054
7.65 -0.3514517583742022 -0.17212253981666498 0.13830807899616054
7.7 -0.3514517583742022 -0.17212253981666498 0.13830807899616054
7.75 -0.3514517583742022 -0.17212253981666498 0.13830807899616054
7.8 -0.3514517583742022 -0.17212253981666498 0.13830807899616054
7.85 -0.3514517583742022 -0.17212253981666498 0.13830807899616054
7.9 -0.3514517583742022 -0.17212253981666498 0.13830807899616054
7.95 -0.3514517583742022 -0.17212253981666498 0.13830807899616054
8.0 -0.3514517583742022 -0.17212253981666498 0.13830807899616054
8.05 -0.3514517583742022 -0.17212253981666498 0.13830807899616054
8.1 -0.3514517583742022 -0.17212253981666498 0.13830807899616054
8.15 -0.3514517583742022 -0.17212253981666498 0.13830807899616054
8.2 -0.3514517583742022 -0.17212253981666498 0.13830807899616054
8.25 -0.3514517583742022 -0.17212253981666498 0.13830807899616054
8.3 -0.3514517583742022 -0.17212253981666498 0.13830807899616054
8.35 -0.3514517583742022 -0.17212253981666498 0.13830807899616054
8.4 -0.3514517583742022 -0.17212253981666498 0.13830807899616054
8.45 -0.3514517583742022 -0.17212253981666498 0.13830807899616054
8.5 -0.3514517583742022 -0.17212253981666498 0.13830807899616054
8.55 -0.3514517583742022 -0.17212253981666498 0.13830807899616054
8.6 -0.3514517583742022 -0.17212253981666498 0.13830807899616054
8.65 -0.3514517583742022 -0.17212253981666498 0.13830807899616054
